20120629|299658.30|0|0|1.0000
20120702|301308.66|0|0|1.0000
20120703|303843.36|0|0|1.0000
20120705|303846.42|0|0|1.0000
20120706|299889.84|0|0|1.0000
20120709|299322.72|0|0|1.0000
20120717|296558.06|0|0|1.0000
20120718|298534.93|0|0|1.0000
20120719|299344.34|0|0|1.0000
20120720|296338.89|0|0|1.0000
20120727|301397.16|0|0|1.0000
20120730|301251.77|0|0|1.0000
20120731|299954.11|0|0|1.0000
20120801|299047.05|0|0|1.0000
20120803|302486.50|0|0|1.0000
20120806|303189.58|0|0|1.0000
20120807|304734.62|0|0|1.0000
20120808|304923.41|0|0|1.0000
20120809|305992.34|0|0|1.0000
20120810|306216.56|0|0|1.0000
20120813|306384.22|0|0|1.0000
20120814|305824.68|0|0|1.0000
20120815|307233.63|0|0|1.0000
20120816|310411.09|0|0|1.0000
20120817|311845.29|0|0|1.0000
20120820|311806.91|0|0|1.0000
20120821|310902.96|0|0|1.0000
20120822|311550.37|0|0|1.0000
20120824|311158.49|0|0|1.0000
20120827|311501.89|0|0|1.0000
20120828|311900.84|0|0|1.0000
20120829|312309.89|0|0|1.0000
20120904|311690.76|0|0|1.0000
20120906|317826.51|0|0|1.0000
20120907|317888.12|0|0|1.0000
20120910|314615.72|0|0|1.0000
20120911|314667.23|0|0|1.0000
20120912|315655.01|0|0|1.0000
20120913|319848.53|0|0|1.0000
20120914|322688.65|0|0|1.0000
20120917|322155.37|0|0|1.0000
20120918|322067.50|0|0|1.0000
20120919|322554.32|0|0|1.0000
20120920|321881.66|0|0|1.0000
20120921|322285.66|0|0|1.0000
20121003|318494.46|0|0|1.0000
20121004|320774.25|0|0|1.0000
20121005|320671.32|0|0|1.0000
20121016|319355.13|0|0|1.0000
20121017|320666.94|0|0|1.0000
20121018|319885.11|0|0|1.0000
20121101|313369.86|0|0|1.0000
20121105|311107.59|0|0|1.0000
20121106|313545.06|0|0|1.0000
20121119|304456.56|0|0|1.0000
20121120|304395.63|0|0|1.0000
20121121|305422.11|0|0|1.0000
20121123|309613.31|0|0|1.0000
20121126|310646.03|0|0|1.0000
20121127|309711.07|0|0|1.0000
20121128|312206.03|0|0|1.0000
20121129|314312.03|0|0|1.0000
20121130|314125.87|0|0|1.0000
20121203|313289.71|0|0|1.0000
20121204|312716.67|0|0|1.0000
20121211|315380.11|0|0|1.0000
20121212|314497.15|0|0|1.0000
20121217|314163.31|0|0|1.0000
20121218|318732.03|0|0|1.0000
20121219|317674.35|0|0|1.0000
20121220|318301.47|0|0|1.0000
20121221|315245.95|0|0|1.0000
20121231|322559.23|0|0|1.0000
20130102|330747.21|0|0|1.0000
20130103|330057.91|0|0|1.0000
20130104|331662.51|0|0|1.0000
20130107|330627.43|0|0|1.0000
20130108|329556.19|0|0|1.0000
20130109|330430.81|0|0|1.0000
20130110|332939.41|0|0|1.0000
20130111|334193.47|0|0|1.0000
20130114|333331.69|0|0|1.0000
20130115|332619.37|0|0|1.0000
20130116|333335.93|0|0|1.0000
20130117|335292.69|0|0|1.0000
20130118|335155.95|0|0|1.0000
20130122|336053.77|0|0|1.0000
20130123|334197.71|0|0|1.0000
20130125|336015.16|0|0|1.0000
20130128|335395.22|0|0|1.0000
20130129|337103.40|0|0|1.0000
20130201|338291.99|0|0|1.0000
20130205|337872.75|0|0|1.0000
20130206|338057.84|0|0|1.0000
20130207|337449.05|0|0|1.0000
20130208|339353.47|0|0|1.0000
20130211|339148.31|0|0|1.0000
20130212|339687.97|0|0|1.0000
20130213|339888.67|0|0|1.0000
20130214|340122.82|0|0|1.0000
20130215|339768.25|0|0|1.0000
20130219|342254.70|0|0|1.0000
20130227|338920.85|0|0|1.0000
20130228|338628.72|0|0|1.0000
20130301|339413.68|0|0|1.0000
20130304|340974.68|0|0|1.0000
20130305|343255.17|0|0|1.0000
20130306|343068.61|0|0|1.0000
20130307|344098.93|0|0|1.0000
20130308|345400.61|0|0|1.0000
20130311|346301.61|0|0|1.0000
20130312|345183.31|0|0|1.0000
20130313|345480.11|0|0|1.0000
20130314|346943.97|0|0|1.0000
20130315|342362.65|0|0|1.0000
20130320|341926.84|0|0|1.0000
20130322|341528.26|0|0|1.0000
20130326|343034.98|0|0|1.0000
20130327|342833.50|0|0|1.0000
20130328|344221.96|0|0|1.0000
20130402|344454.10|0|0|1.0000
20130409|344094.94|0|0|1.0000
20130410|348282.22|0|0|1.0000
20130411|349517.38|0|0|1.0000
20130412|348527.50|0|0|1.0000
20130416|345400.18|0|0|1.0000
20130423|346322.17|0|0|1.0000
20130424|346324.36|0|0|1.0000
20130425|347719.39|0|0|1.0000
20130426|347079.91|0|0|1.0000
20130429|349455.22|0|0|1.0000
20130430|351741.07|0|0|1.0000
20130501|348626.77|0|0|1.0000
20130502|352983.22|0|0|1.0000
20130503|356974.27|0|0|1.0000
20130506|358479.97|0|0|1.0000
20130507|358864.27|0|0|1.0000
20130508|360611.47|0|0|1.0000
20130509|360180.97|0|0|1.0000
20130510|363059.02|0|0|1.0000
20130513|363291.07|0|0|1.0000
20130514|365792.17|0|0|1.0000
20130515|366738.22|0|0|1.0000
20130516|366068.32|0|0|1.0000
20130517|369609.97|0|0|1.0000
20130520|369343.27|0|0|1.0000
20130521|369940.72|0|0|1.0000
20130528|368551.57|0|0|1.0000
20130530|368804.62|0|0|1.0000
20130607|366486.22|0|0|1.0000
20130610|366963.97|0|0|1.0000
20130613|363981.97|0|0|1.0000
20130617|364691.77|0|0|1.0000
20130618|367847.02|0|0|1.0000
20130627|358556.38|0|0|1.0000
20130628|357020.14|0|0|1.0000
20130701|358947.10|0|0|1.0000
20130702|358751.74|0|0|1.0000
20130703|359047.00|0|0|1.0000
20130705|362705.56|0|0|1.0000
20130708|364608.10|0|0|1.0000
20130709|367241.02|0|0|1.0000
20130710|364556.91|0|0|1.0000
20130711|370483.53|0|0|1.0000
20130712|372726.87|0|0|1.0000
20130715|373490.10|0|0|1.0000
20130716|372564.13|0|0|1.0000
20130717|373748.63|0|0|1.0000
20130718|373880.47|0|0|1.0000
20130722|372758.80|0|0|1.0000
20130725|373253.20|0|0|1.0000
20130726|374074.11|0|0|1.0000
20130729|372630.05|0|0|1.0000
20130730|374415.04|0|0|1.0000
20130731|375434.74|0|0|1.0000
20130801|380519.85|0|0|1.0000
20130802|381946.40|0|0|1.0000
20130805|382292.48|0|0|1.0000
20130806|379492.94|0|0|1.0000
20130807|378281.66|0|0|1.0000
20130808|379837.99|0|0|1.0000
20130813|381415.95|0|0|1.0000
20130822|376705.76|0|0|1.0000
20130823|378671.00|0|0|1.0000
20130826|378648.34|0|0|1.0000
20130829|374809.53|0|0|1.0000
20130904|377769.75|0|0|1.0000
20130905|378772.97|0|0|1.0000
20130906|378899.66|0|0|1.0000
20130909|383655.17|0|0|1.0000
20130910|386007.69|0|0|1.0000
20130911|385594.66|0|0|1.0000
20130912|384663.54|0|0|1.0000
20130913|385303.17|0|0|1.0000
20130916|384857.18|0|0|1.0000
20130917|387725.73|0|0|1.0000
20130918|391633.55|0|0|1.0000
20130919|392224.77|0|0|1.0000
20130920|390715.82|0|0|1.0000
20130923|389743.50|0|0|1.0000
20130924|390048.38|0|0|1.0000
20130926|392023.92|0|0|1.0000
20130927|391422.40|0|0|1.0000
20131001|395170.57|0|0|1.0000
20131002|394865.69|0|0|1.0000
20131004|394116.88|0|0|1.0000
20131011|392481.24|0|0|1.0000
20131014|394891.44|0|0|1.0000
20131015|392701.66|0|0|1.0000
20131016|397379.92|0|0|1.0000
20131017|399823.08|0|0|1.0000
20131018|405089.47|0|0|1.0000
20131021|405683.78|0|0|1.0000
20131022|406664.34|0|0|1.0000
20131023|404346.84|0|0|1.0000
20131024|406601.51|0|0|1.0000
20131025|408084.71|0|0|1.0000
20131028|409025.41|0|0|1.0000
20131029|411308.29|0|0|1.0000
20131104|410375.65|0|0|1.0000
20131105|409224.93|0|0|1.0000
20131111|411294.37|0|0|1.0000
20131112|410319.97|0|0|1.0000
20131113|413639.89|0|0|1.0000
20131114|415639.73|0|0|1.0000
20131115|417393.65|0|0|1.0000
20131118|415850.85|0|0|1.0000
20131121|416853.09|0|0|1.0000
20131122|418920.21|0|0|1.0000
20131125|418391.25|0|0|1.0000
20131126|418453.89|0|0|1.0000
20131127|418553.74|0|0|1.0000
20131129|420113.16|0|0|1.0000
20131202|418606.27|0|0|1.0000
20131203|417776.09|0|0|1.0000
20131204|417858.49|0|0|1.0000
20131206|420384.05|0|0|1.0000
20131209|421025.74|0|0|1.0000
20131210|420174.96|0|0|1.0000
20131218|421160.67|0|0|1.0000
20131219|419931.88|0|0|1.0000
20131220|424732.71|0|0|1.0000
20131223|429281.19|0|0|1.0000
20131224|429952.75|0|0|1.0000
20131226|431164.03|0|0|1.0000
20131227|430073.26|0|0|1.0000
20131230|429827.09|0|0|1.0000
20131231|432133.26|0|0|1.0000
20140107|429722.03|0|0|1.0000
20140108|431002.32|0|0|1.0000
20140109|430032.06|0|0|1.0000
20140110|431934.47|0|0|1.0000
20140114|432795.55|0|0|1.0000
20140115|436077.13|0|0|1.0000
20140116|436469.56|0|0|1.0000
20140117|434295.23|0|0|1.0000
20140121|437197.77|0|0|1.0000
20140122|438973.49|0|0|1.0000
20140123|436488.10|0|0|1.0000
20140207|426908.07|0|0|1.0000
20140210|429206.00|0|0|1.0000
20140211|433621.61|0|0|1.0000
20140212|434677.36|0|0|1.0000
20140213|438733.50|0|0|1.0000
20140214|439079.58|0|0|1.0000
20140218|442040.83|0|0|1.0000
20140219|438453.34|0|0|1.0000
20140220|441502.14|0|0|1.0000
20140221|441075.72|0|0|1.0000
20140224|444120.40|0|0|1.0000
20140225|443566.26|0|0|1.0000
20140226|444026.67|0|0|1.0000
20140227|446794.28|0|0|1.0000
20140228|445680.85|0|0|1.0000
20140304|450197.40|0|0|1.0000
20140305|450815.40|0|0|1.0000
20140306|450213.88|0|0|1.0000
20140307|448575.15|0|0|1.0000
20140310|448392.84|0|0|1.0000
20140318|448083.84|0|0|1.0000
20140319|445340.12|0|0|1.0000
20140320|448026.48|0|0|1.0000
20140401|451255.37|0|0|1.0000
20140402|452541.19|0|0|1.0000
20140403|452032.12|0|0|1.0000
20140416|445708.18|0|0|1.0000
20140417|446315.24|0|0|1.0000
20140421|447997.80|0|0|1.0000
20140422|449828.54|0|0|1.0000
20140423|448834.30|0|0|1.0000
20140424|449603.88|0|0|1.0000
20140501|450815.61|0|0|1.0000
20140502|450208.55|0|0|1.0000
20140505|451049.83|0|0|1.0000
20140512|453915.44|0|0|1.0000
20140513|454106.64|0|0|1.0000
20140514|451974.76|0|0|1.0000
20140519|451150.21|0|0|1.0000
20140521|451855.26|0|0|1.0000
20140522|452921.20|0|0|1.0000
20140523|452969.52|0|0|1.0000
20140527|458505.60|0|0|1.0000
20140528|457209.60|0|0|1.0000
20140529|459680.64|0|0|1.0000
20140530|459105.00|0|0|1.0000
20140602|458519.64|0|0|1.0000
20140603|458182.68|0|0|1.0000
20140604|460079.16|0|0|1.0000
20140605|464894.88|0|0|1.0000
20140606|467613.24|0|0|1.0000
20140609|469215.96|0|0|1.0000
20140610|469406.04|0|0|1.0000
20140611|468750.48|0|0|1.0000
20140613|466452.24|0|0|1.0000
20140616|467581.92|0|0|1.0000
20140617|469322.88|0|0|1.0000
20140618|472088.76|0|0|1.0000
20140619|471709.68|0|0|1.0000
20140620|472650.36|0|0|1.0000
20140623|472719.48|0|0|1.0000
20140624|470740.92|0|0|1.0000
20140625|473916.12|0|0|1.0000
20140626|473839.44|0|0|1.0000
20140627|475878.48|0|0|1.0000
20140630|476985.48|0|0|1.0000
20140701|482436.24|0|0|1.0000
20140702|482336.88|0|0|1.0000
20140703|485382.48|0|0|1.0000
20140707|481667.28|0|0|1.0000
20140714|480467.40|0|0|1.0000
20140716|478906.80|0|0|1.0000
20140718|479574.24|0|0|1.0000
20140721|478769.64|0|0|1.0000
20140722|482152.20|0|0|1.0000
20140723|484061.64|0|0|1.0000
20140724|483889.92|0|0|1.0000
20140725|481454.52|0|0|1.0000
20140728|480952.32|0|0|1.0000
20140730|482895.24|0|0|1.0000
20140811|476245.68|0|0|1.0000
20140812|474941.04|0|0|1.0000
20140813|479788.08|0|0|1.0000
20140814|481826.04|0|0|1.0000
20140815|483114.48|0|0|1.0000
20140818|487799.52|0|0|1.0000
20140819|489873.12|0|0|1.0000
20140820|489761.88|0|0|1.0000
20140821|490368.84|0|0|1.0000
20140822|491065.44|0|0|1.0000
20140825|493095.84|0|0|1.0000
20140826|494531.16|0|0|1.0000
20140827|494421.00|0|0|1.0000
20140828|493132.56|0|0|1.0000
20140829|495571.20|0|0|1.0000
20140902|497506.56|0|0|1.0000
20140903|494739.60|0|0|1.0000
20140905|495855.24|0|0|1.0000
20140908|496869.36|0|0|1.0000
20140910|496246.20|0|0|1.0000
20140911|496817.52|0|0|1.0000
20140918|496992.48|0|0|1.0000
20140919|495519.36|0|0|1.0000
20140924|491550.70|0|0|1.0000
20141008|484345.25|0|0|1.0000
20141020|468449.65|0|0|1.0000
20141021|476547.49|0|0|1.0000
20141022|472628.08|0|0|1.0000
20141023|480111.66|0|0|1.0000
20141024|483421.17|0|0|1.0000
20141027|483657.64|0|0|1.0000
20141028|492042.16|0|0|1.0000
20141029|490430.74|0|0|1.0000
20141030|492240.11|0|0|1.0000
20141031|499152.31|0|0|1.0000
20141103|500026.50|0|0|1.0000
20141104|498392.61|0|0|1.0000
20141105|498080.17|0|0|1.0000
20141106|499979.42|0|0|1.0000
20141107|499343.84|0|0|1.0000
20141110|501386.47|0|0|1.0000
20141111|502343.05|0|0|1.0000
20141112|503902.04|0|0|1.0000
20141113|504438.11|0|0|1.0000
20141114|505336.91|0|0|1.0000
20141117|503460.13|0|0|1.0000
20141118|506824.21|0|0|1.0000
20141119|503964.10|0|0|1.0000
20141120|506763.22|0|0|1.0000
20141121|507950.92|0|0|1.0000
20141124|512436.36|0|0|1.0000
20141125|512795.88|0|0|1.0000
20141126|515906.37|0|0|1.0000
20141128|516367.54|0|0|1.0000
20141202|512534.80|0|0|1.0000
20141203|514531.42|0|0|1.0000
20141204|513993.21|0|0|1.0000
20141205|515204.45|0|0|1.0000
20141209|513675.42|0|0|1.0000
20141218|511741.93|0|0|1.0000
20141219|513558.79|0|0|1.0000
20141222|515275.07|0|0|1.0000
20141223|513800.29|0|0|1.0000
20141224|513728.95|0|0|1.0000
20141226|515423.89|0|0|1.0000
20141229|515866.69|0|0|1.0000
20150108|508872.91|0|0|1.0000
20150109|504609.73|0|0|1.0000
20150121|501487.99|0|0|1.0000
20150122|509316.02|0|0|1.0000
20150123|510116.38|0|0|1.0000
20150126|511601.54|0|0|1.0000
20150203|506891.40|0|0|1.0000
20150204|505710.12|0|0|1.0000
20150205|510888.92|0|0|1.0000
20150206|508674.02|0|0|1.0000
20150209|506706.29|0|0|1.0000
20150210|513300.70|0|0|1.0000
20150211|514749.48|0|0|1.0000
20150212|520787.49|0|0|1.0000
20150213|524664.10|0|0|1.0000
20150217|525245.11|0|0|1.0000
20150218|526003.74|0|0|1.0000
20150219|527966.12|0|0|1.0000
20150220|531312.01|0|0|1.0000
20150223|531847.01|0|0|1.0000
20150224|532612.06|0|0|1.0000
20150225|532507.20|0|0|1.0000
20150226|534727.45|0|0|1.0000
20150227|532120.93|0|0|1.0000
20150302|536889.92|0|0|1.0000
20150303|533872.52|0|0|1.0000
20150305|534183.89|0|0|1.0000
20150316|528480.79|0|0|1.0000
20150317|529328.23|0|0|1.0000
20150318|534186.03|0|0|1.0000
20150319|535207.88|0|0|1.0000
20150320|538850.16|0|0|1.0000
20150323|537197.01|0|0|1.0000
20150324|535459.33|0|0|1.0000
20150406|527152.71|0|0|1.0000
20150407|526067.34|0|0|1.0000
20150408|527476.55|0|0|1.0000
20150409|529824.39|0|0|1.0000
20150410|532577.03|0|0|1.0000
20150413|530140.64|0|0|1.0000
20150414|531003.37|0|0|1.0000
20150415|533733.24|0|0|1.0000
20150416|537168.35|0|0|1.0000
20150420|535757.02|0|0|1.0000
20150421|537843.52|0|0|1.0000
20150422|540098.01|0|0|1.0000
20150423|542333.24|0|0|1.0000
20150424|546187.38|0|0|1.0000
20150427|542781.57|0|0|1.0000
20150428|542264.76|0|0|1.0000
20150508|536820.26|0|0|1.0000
20150511|534095.45|0|0|1.0000
20150512|532524.32|0|0|1.0000
20150513|532362.40|0|0|1.0000
20150514|538085.26|0|0|1.0000
20150515|538497.65|0|0|1.0000
20150518|540134.56|0|0|1.0000
20150519|539787.95|0|0|1.0000
20150520|539287.01|0|0|1.0000
20150521|540544.42|0|0|1.0000
20150522|539340.14|0|0|1.0000
20150527|539457.52|0|0|1.0000
20150528|538553.47|0|0|1.0000
20150601|536973.22|0|0|1.0000
20150603|538684.72|0|0|1.0000
20150610|536318.02|0|0|1.0000
20150611|536929.12|0|0|1.0000
20150616|534098.32|0|0|1.0000
20150617|535077.97|0|0|1.0000
20150618|542225.32|0|0|1.0000
20150619|540550.57|0|0|1.0000
20150622|544432.42|0|0|1.0000
20150623|545075.02|0|0|1.0000
20150624|541118.62|0|0|1.0000
20150710|531309.37|0|0|1.0000
20150713|537169.27|0|0|1.0000
20150714|539553.52|0|0|1.0000
20150715|539158.27|0|0|1.0000
20150716|543465.22|0|0|1.0000
20150717|544064.47|0|0|1.0000
20150720|544482.67|0|0|1.0000
20150721|542169.82|0|0|1.0000
20150722|539991.83|0|0|1.0000
20150730|535520.87|0|0|1.0000
20150731|535468.87|0|0|1.0000
20150803|534127.27|0|0|1.0000
20150804|533104.95|0|0|1.0000
20150805|536681.51|0|0|1.0000
20150817|530786.83|0|0|1.0000
20150818|529395.79|0|0|1.0000
20150827|501862.27|0|0|1.0000
20150828|502167.19|0|0|1.0000
20150831|497961.31|0|0|1.0000
20150902|492084.67|0|0|1.0000
20150903|492656.71|0|0|1.0000
20150908|493254.67|0|0|1.0000
20150909|487603.87|0|0|1.0000
20150910|491655.31|0|0|1.0000
20150911|494316.49|0|0|1.0000
20150914|492625.33|0|0|1.0000
20150915|498210.85|0|0|1.0000
20150916|501140.29|0|0|1.0000
20150917|501620.71|0|0|1.0000
20151002|485398.51|0|0|1.0000
20151005|494249.63|0|0|1.0000
20151006|492481.39|0|0|1.0000
20151007|496427.07|0|0|1.0000
20151008|500791.87|0|0|1.0000
20151009|501153.95|0|0|1.0000
20151012|501791.31|0|0|1.0000
20151013|498376.35|0|0|1.0000
20151015|503378.51|0|0|1.0000
20151016|505672.51|0|0|1.0000
20151019|505808.91|0|0|1.0000
20151020|505092.19|0|0|1.0000
20151022|510483.71|0|0|1.0000
20151023|516098.43|0|0|1.0000
20151026|516114.67|0|0|1.0000
20151027|515650.57|0|0|1.0000
20151028|522335.65|0|0|1.0000
20151029|520150.81|0|0|1.0000
20151030|518057.77|0|0|1.0000
20151102|525544.57|0|0|1.0000
20151103|527378.53|0|0|1.0000
20151104|527108.23|0|0|1.0000
20151105|525604.75|0|0|1.0000
20151106|527581.51|0|0|1.0000
20151118|520245.67|0|0|1.0000
20151119|520086.55|0|0|1.0000
20151120|523277.11|0|0|1.0000
20151123|523028.23|0|0|1.0000
20151124|523061.89|0|0|1.0000
20151125|524421.55|0|0|1.0000
20151127|525582.31|0|0|1.0000
20151130|523659.61|0|0|1.0000
20151201|528518.89|0|0|1.0000
20151202|525143.71|0|0|1.0000
20151204|527086.81|0|0|1.0000
20151216|519830.53|0|0|1.0000
20151222|512688.49|0|0|1.0000
20151223|517260.13|0|0|1.0000
20151224|517521.25|0|0|1.0000
20151228|518341.21|0|0|1.0000
20151229|523849.93|0|0|1.0000
20151230|520069.93|0|0|1.0000
20160122|480642.01|0|0|1.0000
20160126|479817.97|0|0|1.0000
20160129|489043.69|0|0|1.0000
20160201|488826.97|0|0|1.0000
20160216|477789.37|0|0|1.0000
20160217|485661.85|0|0|1.0000
20160218|483396.37|0|0|1.0000
20160219|483383.77|0|0|1.0000
20160222|490369.21|0|0|1.0000
20160223|484263.25|0|0|1.0000
20160224|486412.81|0|0|1.0000
20160225|491931.61|0|0|1.0000
20160226|491011.81|0|0|1.0000
20160229|487025.17|0|0|1.0000
20160301|498647.41|0|0|1.0000
20160302|500688.61|0|0|1.0000
20160303|501709.69|0|0|1.0000
20160304|502727.29|0|0|1.0000
20160307|501797.67|0|0|1.0000
20160311|506060.99|0|0|1.0000
20160314|506252.85|0|0|1.0000
20160315|503962.19|0|0|1.0000
20160316|506580.57|0|0|1.0000
20160317|509909.70|0|0|1.0000
20160318|512148.21|0|0|1.0000
20160321|512651.19|0|0|1.0000
20160322|512202.99|0|0|1.0000
20160329|513500.28|0|0|1.0000
20160330|515726.34|0|0|1.0000
20160331|514678.05|0|0|1.0000
20160401|518376.75|0|0|1.0000
20160404|515989.05|0|0|1.0000
20160406|519025.65|0|0|1.0000
20160412|513919.50|0|0|1.0000
20160413|521829.15|0|0|1.0000
20160414|521668.50|0|0|1.0000
20160415|520863.15|0|0|1.0000
20160418|523152.15|0|0|1.0000
20160419|521084.70|0|0|1.0000
20160420|521903.70|0|0|1.0000
20160421|521668.50|0|0|1.0000
20160510|506543.85|0|0|1.0000
20160511|501700.86|0|0|1.0000
20160516|502235.46|0|0|1.0000
20160520|498750.84|0|0|1.0000
20160523|497710.80|0|0|1.0000
20160524|503556.71|0|0|1.0000
20160525|507041.20|0|0|1.0000
20160526|507749.84|0|0|1.0000
20160527|511018.03|0|0|1.0000
20160531|512516.68|0|0|1.0000
20160601|512949.28|0|0|1.0000
20160602|514917.61|0|0|1.0000
20160603|511947.09|0|0|1.0000
20160606|514644.66|0|0|1.0000
20160607|513927.78|0|0|1.0000
20160608|515255.45|0|0|1.0000
20160621|501871.57|0|0|1.0000
20160623|507732.37|0|0|1.0000
20160629|497520.37|0|0|1.0000
20160630|504261.97|0|0|1.0000
20160701|505243.57|0|0|1.0000
20160705|501787.57|0|0|1.0000
20160706|504470.77|0|0|1.0000
20160707|504031.57|0|0|1.0000
20160708|511711.57|0|0|1.0000
20160711|513453.97|0|0|1.0000
20160712|516073.99|0|0|1.0000
20160713|514330.81|0|0|1.0000
20160714|517220.47|0|0|1.0000
20160715|516764.53|0|0|1.0000
20160718|519435.91|0|0|1.0000
20160719|517456.09|0|0|1.0000
20160720|522919.21|0|0|1.0000
20160721|521284.15|0|0|1.0000
20160722|523962.67|0|0|1.0000
20160725|523704.61|0|0|1.0000
20160726|524971.45|0|0|1.0000
20160727|528006.97|0|0|1.0000
20160728|529554.31|0|0|1.0000
20160729|530283.61|0|0|1.0000
20160801|532534.75|0|0|1.0000
20160802|527794.81|0|0|1.0000
20160803|530039.83|0|0|1.0000
20160804|530703.85|0|0|1.0000
20160805|536300.59|0|0|1.0000
20160808|535486.63|0|0|1.0000
20160809|536745.31|0|0|1.0000
20160810|534613.51|0|0|1.0000
20160811|537043.15|0|0|1.0000
20160812|537501.13|0|0|1.0000
20160815|540472.39|0|0|1.0000
20160816|536911.57|0|0|1.0000
20160817|537069.67|0|0|1.0000
20160818|538241.65|0|0|1.0000
20160819|538061.11|0|0|1.0000
20160822|538695.55|0|0|1.0000
20160823|540274.51|0|0|1.0000
20160901|536921.77|0|0|1.0000
20160902|539236.15|0|0|1.0000
20160906|541889.17|0|0|1.0000
20160907|542707.21|0|0|1.0000
20160908|540213.31|0|0|1.0000
20160915|539214.73|0|0|1.0000
20160916|538692.49|0|0|1.0000
20160919|537719.41|0|0|1.0000
20160920|538364.05|0|0|1.0000
20160921|543854.71|0|0|1.0000
20160922|548377.39|0|0|1.0000
20160923|544932.85|0|0|1.0000
20160927|544928.77|0|0|1.0000
20160928|546238.45|0|0|1.0000
20160930|545570.35|0|0|1.0000
20161005|545980.39|0|0|1.0000
20161006|545045.05|0|0|1.0000
20161010|547270.69|0|0|1.0000
20161019|538489.53|0|0|1.0000
20161020|537749.08|0|0|1.0000
20161021|537703.90|0|0|1.0000
20161024|540256.57|0|0|1.0000
20161025|538205.90|0|0|1.0000
20161107|535284.26|0|0|1.0000
20161108|537302.30|0|0|1.0000
20161109|543251.00|0|0|1.0000
20161110|544310.22|0|0|1.0000
20161111|543549.69|0|0|1.0000
20161114|543486.94|0|0|1.0000
20161115|547550.63|0|0|1.0000
20161116|546684.68|0|0|1.0000
20161117|549239.86|0|0|1.0000
20161118|547929.64|0|0|1.0000
20161121|552015.92|0|0|1.0000
20161122|553210.68|0|0|1.0000
20161123|553657.46|0|0|1.0000
20161125|555823.59|0|0|1.0000
20161128|552904.46|0|0|1.0000
20161129|553642.40|0|0|1.0000
20161206|555542.47|0|0|1.0000
20161207|562851.59|0|0|1.0000
20161208|564066.43|0|0|1.0000
20161209|568933.23|0|0|1.0000
20161212|565609.39|0|0|1.0000
20161213|570943.55|0|0|1.0000
20161214|568118.91|0|0|1.0000
20161215|570217.63|0|0|1.0000
20161216|568169.87|0|0|1.0000
20161219|570278.99|0|0|1.0000
20161220|573034.99|0|0|1.0000
20161221|572361.27|0|0|1.0000
20161223|572010.99|0|0|1.0000
20161227|573293.67|0|0|1.0000
20170104|573388.71|0|0|1.0000
20170105|574526.47|0|0|1.0000
20170106|577970.95|0|0|1.0000
20170109|579089.99|0|0|1.0000
20170110|581169.99|0|0|1.0000
20170111|582400.31|0|0|1.0000
20170112|580719.67|0|0|1.0000
20170113|583489.19|0|0|1.0000
20170118|581568.31|0|0|1.0000
20170120|581535.03|0|0|1.0000
20170124|586280.55|0|0|1.0000
20170125|592040.07|0|0|1.0000
20170126|591919.43|0|0|1.0000
20170127|592501.83|0|0|1.0000
20170130|587606.55|0|0|1.0000
20170131|587718.87|0|0|1.0000
20170201|590616.31|0|0|1.0000
20170202|589945.51|0|0|1.0000
20170203|593124.79|0|0|1.0000
20170206|592789.91|0|0|1.0000
20170207|593899.59|0|0|1.0000
20170208|594755.51|0|0|1.0000
20170209|598159.43|0|0|1.0000
20170210|600130.23|0|0|1.0000
20170213|603232.55|0|0|1.0000
20170214|605167.99|0|0|1.0000
20170215|609002.47|0|0|1.0000
20170216|608530.31|0|0|1.0000
20170217|610993.03|0|0|1.0000
20170221|613839.51|0|0|1.0000
20170222|613286.23|0|0|1.0000
20170223|610673.75|0|0|1.0000
20170224|611692.95|0|0|1.0000
20170227|613418.31|0|0|1.0000
20170301|617799.83|0|0|1.0000
20170302|612881.79|0|0|1.0000
20170303|613190.19|0|0|1.0000
20170310|610486.55|0|0|1.0000
20170313|610710.14|0|0|1.0000
20170314|608551.28|0|0|1.0000
20170315|613003.97|0|0|1.0000
20170316|613077.10|0|0|1.0000
20170317|613101.82|0|0|1.0000
20170320|613156.41|0|0|1.0000
20170328|610438.24|0|0|1.0000
20170329|612746.47|0|0|1.0000
20170330|614475.84|0|0|1.0000
20170331|614208.04|0|0|1.0000
20170403|612450.86|0|0|1.0000
20170404|612855.65|0|0|1.0000
20170419|609190.91|0|0|1.0000
20170420|614727.16|0|0|1.0000
20170421|614082.38|0|0|1.0000
20170424|621632.28|0|0|1.0000
20170425|625924.29|0|0|1.0000
20170426|625897.51|0|0|1.0000
20170427|628338.61|0|0|1.0000
20170428|628202.65|0|0|1.0000
20170501|632733.62|0|0|1.0000
20170502|633121.93|0|0|1.0000
20170503|630771.47|0|0|1.0000
20170504|631058.84|0|0|1.0000
20170505|633677.10|0|0|1.0000
20170508|633872.80|0|0|1.0000
20170509|635719.59|0|0|1.0000
20170510|636600.24|0|0|1.0000
20170511|635242.70|0|0|1.0000
20170512|635785.51|0|0|1.0000
20170515|638714.83|0|0|1.0000
20170516|640795.43|0|0|1.0000
20170522|637061.68|0|0|1.0000
20170523|637585.95|0|0|1.0000
20170524|640089.88|0|0|1.0000
20170525|644440.60|0|0|1.0000
20170526|644948.39|0|0|1.0000
20170530|644227.39|0|0|1.0000
20170531|643746.38|0|0|1.0000
20170601|648722.31|0|0|1.0000
20170602|654796.22|0|0|1.0000
20170605|653753.86|0|0|1.0000
20170606|651630.00|0|0|1.0000
20170607|653928.96|0|0|1.0000
20170608|656440.10|0|0|1.0000
20170619|647686.08|0|0|1.0000
20170621|642991.53|0|0|1.0000
20170622|642699.60|0|0|1.0000
20170623|643699.00|0|0|1.0000
20170626|643901.51|0|0|1.0000
20170628|644327.57|0|0|1.0000
20170707|640248.44|0|0|1.0000
20170710|640840.19|0|0|1.0000
20170711|638332.58|0|0|1.0000
20170712|645323.19|0|0|1.0000
20170713|646690.00|0|0|1.0000
20170714|650607.09|0|0|1.0000
20170717|650808.97|0|0|1.0000
20170718|653886.61|0|0|1.0000
20170719|658081.80|0|0|1.0000
20170720|658592.68|0|0|1.0000
20170721|658360.93|0|0|1.0000
20170724|660736.11|0|0|1.0000
20170725|660876.19|0|0|1.0000
20170726|661965.93|0|0|1.0000
20170807|657950.99|0|0|1.0000
20170808|656580.06|0|0|1.0000
20170814|653466.37|0|0|1.0000
20170815|653212.71|0|0|1.0000
20170816|654140.21|0|0|1.0000
20170822|650006.21|0|0|1.0000
20170825|647499.31|0|0|1.0000
20170828|650129.52|0|0|1.0000
20170829|652073.13|0|0|1.0000
20170830|658914.39|0|0|1.0000
20170831|665130.44|0|0|1.0000
20170901|665817.45|0|0|1.0000
20170905|659662.17|0|0|1.0000
20170906|661489.39|0|0|1.0000
20170907|661959.07|0|0|1.0000
20170911|665501.24|0|0|1.0000
20170912|667769.30|0|0|1.0000
20170913|668378.03|0|0|1.0000
20170914|665173.70|0|0|1.0000
20170915|667170.87|0|0|1.0000
20170918|667806.38|0|0|1.0000
20170919|668494.42|0|0|1.0000
20170920|667950.58|0|0|1.0000
20170927|667053.92|0|0|1.0000
20170928|667857.24|0|0|1.0000
20170929|670331.04|0|0|1.0000
20171002|672927.20|0|0|1.0000
20171003|674379.56|0|0|1.0000
20171004|675220.12|0|0|1.0000
20171005|679031.90|0|0|1.0000
20171006|678303.06|0|0|1.0000
20171009|676157.10|0|0|1.0000
20171010|676924.14|0|0|1.0000
20171011|678586.74|0|0|1.0000
20171012|677358.66|0|0|1.0000
20171013|678816.24|0|0|1.0000
20171016|680672.64|0|0|1.0000
20171017|680637.96|0|0|1.0000
20171018|680695.08|0|0|1.0000
20171020|681187.74|0|0|1.0000
20171027|688553.16|0|0|1.0000
20171030|688318.56|0|0|1.0000
20171031|691246.98|0|0|1.0000
20171101|690110.70|0|0|1.0000
20171102|689948.52|0|0|1.0000
20171103|694997.52|0|0|1.0000
20171106|697241.52|0|0|1.0000
20171107|695338.20|0|0|1.0000
20171108|697514.88|0|0|1.0000
20171116|697940.22|0|0|1.0000
20171117|696869.22|0|0|1.0000
20171120|697677.06|0|0|1.0000
20171121|704997.60|0|0|1.0000
20171122|705495.36|0|0|1.0000
20171124|707718.96|0|0|1.0000
20171127|706633.68|0|0|1.0000
20171128|710085.36|0|0|1.0000
20171130|703773.92|0|0|1.0000
20171208|704812.72|0|0|1.0000
20171211|707062.57|0|0|1.0000
20171212|708154.37|0|0|1.0000
20171213|707820.47|0|0|1.0000
20171214|704947.87|0|0|1.0000
20171215|711254.87|0|0|1.0000
20171218|715057.62|0|0|1.0000
20171219|712754.77|0|0|1.0000
20171220|712166.47|0|0|1.0000
20171221|713576.27|0|0|1.0000
20171222|713250.32|0|0|1.0000
20180102|716058.13|0|0|1.0000
20180103|722038.39|0|0|1.0000
20180104|723301.15|0|0|1.0000
20180105|729282.43|0|0|1.0000
20180108|731408.11|0|0|1.0000
20180109|732039.49|0|0|1.0000
20180110|731018.47|0|0|1.0000
20180111|736955.89|0|0|1.0000
20180112|741982.45|0|0|1.0000
20180116|738170.71|0|0|1.0000
20180117|745778.89|0|0|1.0000
20180118|745551.43|0|0|1.0000
20180119|749665.09|0|0|1.0000
20180122|756973.39|0|0|1.0000
20180123|762303.91|0|0|1.0000
20180124|757690.45|0|0|1.0000
20180125|757292.65|0|0|1.0000
20180126|766942.87|0|0|1.0000
20180129|762938.35|0|0|1.0000
20180213|716732.35|0|0|1.0000
20180214|730003.57|0|0|1.0000
20180215|741510.19|0|0|1.0000
20180216|739780.27|0|0|1.0000
20180220|739253.95|0|0|1.0000
20180221|737613.79|0|0|1.0000
20180222|736783.51|0|0|1.0000
20180223|749768.11|0|0|1.0000
20180226|758343.25|0|0|1.0000
20180227|749050.03|0|0|1.0000
20180305|749085.73|0|0|1.0000
20180306|753299.35|0|0|1.0000
20180307|755812.63|0|0|1.0000
20180308|759005.23|0|0|1.0000
20180309|772556.95|0|0|1.0000
20180312|775362.97|0|0|1.0000
20180313|767477.35|0|0|1.0000
20180314|766028.95|0|0|1.0000
20180315|764491.81|0|0|1.0000
20180404|722018.92|0|0|1.0000
20180405|726973.87|0|0|1.0000
20180410|725344.06|0|0|1.0000
20180411|721336.42|0|0|1.0000
20180412|727287.82|0|0|1.0000
20180413|725188.45|0|0|1.0000
20180416|731068.87|0|0|1.0000
20180417|738863.02|0|0|1.0000
20180418|739477.27|0|0|1.0000
20180419|735243.04|0|0|1.0000
20180501|723843.32|0|0|1.0000
20180502|720833.52|0|0|1.0000
20180503|719545.77|0|0|1.0000
20180504|731814.24|0|0|1.0000
20180507|737428.83|0|0|1.0000
20180508|737599.52|0|0|1.0000
20180509|744973.53|0|0|1.0000
20180510|751544.59|0|0|1.0000
20180511|751333.50|0|0|1.0000
20180514|752185.94|0|0|1.0000
20180515|746157.25|0|0|1.0000
20180516|750870.92|0|0|1.0000
20180517|749272.09|0|0|1.0000
20180521|750440.66|0|0|1.0000
20180523|753664.58|0|0|1.0000
20180524|753510.05|0|0|1.0000
20180525|754461.47|0|0|1.0000
20180530|757350.07|0|0|1.0000
20180531|755296.74|0|0|1.0000
20180601|766629.95|0|0|1.0000
20180604|771895.08|0|0|1.0000
20180605|775066.48|0|0|1.0000
20180606|780255.86|0|0|1.0000
20180607|774784.69|0|0|1.0000
20180608|775839.13|0|0|1.0000
20180611|777295.55|0|0|1.0000
20180612|781725.41|0|0|1.0000
20180613|780908.32|0|0|1.0000
20180614|787507.66|0|0|1.0000
20180615|786027.00|0|0|1.0000
20180618|786092.65|0|0|1.0000
20180619|783927.21|0|0|1.0000
20180620|789575.13|0|0|1.0000
20180702|767979.31|0|0|1.0000
20180705|770530.88|0|0|1.0000
20180706|777052.89|0|0|1.0000
20180709|783895.24|0|0|1.0000
20180710|786612.51|0|0|1.0000
20180711|781043.09|0|0|1.0000
20180712|787862.96|0|0|1.0000
20180713|788711.58|0|0|1.0000
20180716|787902.30|0|0|1.0000
20180717|791101.82|0|0|1.0000
20180718|791033.82|0|0|1.0000
20180719|788119.82|0|0|1.0000
20180720|787609.82|0|0|1.0000
20180723|789776.82|0|0|1.0000
20180724|789666.82|0|0|1.0000
20180725|798813.82|0|0|1.0000
20180802|786845.62|0|0|1.0000
20180803|790495.76|0|0|1.0000
20180806|793289.66|0|0|1.0000
20180807|795527.56|0|0|1.0000
20180808|795319.06|0|0|1.0000
20180809|794173.70|0|0|1.0000
20180810|788530.30|0|0|1.0000
20180814|790387.34|0|0|1.0000
20180821|796781.34|0|0|1.0000
20180822|796464.42|0|0|1.0000
20180823|795118.90|0|0|1.0000
20180824|798456.28|0|0|1.0000
20180827|805648.28|0|0|1.0000
20180828|806862.28|0|0|1.0000
20180829|814827.28|0|0|1.0000
20180830|812694.28|0|0|1.0000
20180831|814812.28|0|0|1.0000
20180904|812983.28|0|0|1.0000
20180913|805229.28|0|0|1.0000
20180914|804862.28|0|0|1.0000
20180918|799469.28|0|0|1.0000
20180920|806374.53|0|0|1.0000
20180921|806077.53|0|0|1.0000
20180924|803245.03|0|0|1.0000
20180925|802197.28|0|0|1.0000
20180926|799560.03|0|0|1.0000
20180927|801768.28|0|0|1.0000
20180928|801762.78|0|0|1.0000
20181001|804680.53|0|0|1.0000
20181003|804933.53|0|0|1.0000
20181016|773146.28|0|0|1.0000
20181017|772951.03|0|0|1.0000
20181031|746146.78|0|0|1.0000
20181101|754020.03|0|0|1.0000
20181102|751486.85|0|0|1.0000
20181105|748616.57|0|0|1.0000
20181106|753421.79|0|0|1.0000
20181107|773290.37|0|0|1.0000
20181108|769223.63|0|0|1.0000
20181126|721897.31|0|0|1.0000
20181127|724251.71|0|0|1.0000
20181128|740889.11|0|0|1.0000
20181129|739261.01|0|0|1.0000
20181130|745311.71|0|0|1.0000
20181203|753465.71|0|0|1.0000
20181227|670966.41|0|0|1.0000
20181228|671474.44|0|0|1.0000
20181231|676601.20|0|0|1.0000
20190102|679697.86|0|0|1.0000
20190104|687062.78|0|0|1.0000
20190107|695608.39|0|0|1.0000
20190108|703034.92|0|0|1.0000
20190109|709103.00|0|0|1.0000
20190110|712030.99|0|0|1.0000
20190111|710557.40|0|0|1.0000
20190114|703935.84|0|0|1.0000
20190115|715844.75|0|0|1.0000
20190116|716941.61|0|0|1.0000
20190117|721968.38|0|0|1.0000
20190118|729318.15|0|0|1.0000
20190124|720857.38|0|0|1.0000
20190125|730088.78|0|0|1.0000
20190128|722091.60|0|0|1.0000
20190130|731929.00|0|0|1.0000
20190131|741893.66|0|0|1.0000
20190201|740088.79|0|0|1.0000
20190204|748539.46|0|0|1.0000
20190205|754048.00|0|0|1.0000
20190206|751341.20|0|0|1.0000
20190207|742561.27|0|0|1.0000
20190212|755314.54|0|0|1.0000
20190213|755896.30|0|0|1.0000
20190214|756559.87|0|0|1.0000
20190215|761151.33|0|0|1.0000
20190219|762601.69|0|0|1.0000
20190220|762833.99|0|0|1.0000
20190221|759868.63|0|0|1.0000
20190222|766719.46|0|0|1.0000
20190225|769438.38|0|0|1.0000
20190226|768917.22|0|0|1.0000
20190227|769443.43|0|0|1.0000
20190228|767223.45|0|0|1.0000
20190301|773568.27|0|0|1.0000
20190304|771772.49|0|0|1.0000
20190305|771650.28|0|0|1.0000
20190311|769801.98|0|0|1.0000
20190312|773131.95|0|0|1.0000
20190313|778422.33|0|0|1.0000
20190314|777159.83|0|0|1.0000
20190315|782979.45|0|0|1.0000
20190318|785600.40|0|0|1.0000
20190319|786556.87|0|0|1.0000
20190320|787063.89|0|0|1.0000
20190321|798172.88|0|0|1.0000
20190329|787099.24|0|0|1.0000
20190401|797157.83|0|0|1.0000
20190402|799155.61|0|0|1.0000
20190403|803888.47|0|0|1.0000
20190404|803507.70|0|0|1.0000
20190405|808245.61|0|0|1.0000
20190408|809779.80|0|0|1.0000
20190409|805275.20|0|0|1.0000
20190410|810826.16|0|0|1.0000
20190411|809121.28|0|0|1.0000
20190412|812838.08|0|0|1.0000
20190415|812014.93|0|0|1.0000
20190416|814461.15|0|0|1.0000
20190417|814042.00|0|0|1.0000
20190418|814241.98|0|0|1.0000
20190422|815980.19|0|0|1.0000
20190423|826640.74|0|0|1.0000
20190424|824740.93|0|0|1.0000
20190425|826424.60|0|0|1.0000
20190426|829224.32|0|0|1.0000
20190429|830784.77|0|0|1.0000
20190430|824072.31|0|0|1.0000
20190503|831001.92|0|0|1.0000
20190506|826890.21|0|0|1.0000
20190516|802096.11|0|0|1.0000
20190605|788148.85|0|0|1.0000
20190606|792969.37|0|0|1.0000
20190607|801267.67|0|0|1.0000
20190610|804990.09|0|0|1.0000
20190611|804709.31|0|0|1.0000
20190612|803074.67|0|0|1.0000
20190613|806355.07|0|0|1.0000
20190614|805059.59|0|0|1.0000
20190617|805807.41|0|0|1.0000
20190618|812722.31|0|0|1.0000
20190619|816133.19|0|0|1.0000
20190620|822663.23|0|0|1.0000
20190621|820660.97|0|0|1.0000
20190624|818007.95|0|0|1.0000
20190628|818063.03|0|0|1.0000
20190701|826724.87|0|0|1.0000
20190702|828553.73|0|0|1.0000
20190703|834790.01|0|0|1.0000
20190705|833929.13|0|0|1.0000
20190708|827461.31|0|0|1.0000
20190709|831883.01|0|0|1.0000
20190710|838084.61|0|0|1.0000
20190711|837422.63|0|0|1.0000
20190712|842328.83|0|0|1.0000
20190715|843761.93|0|0|1.0000
20190716|840152.15|0|0|1.0000
20190718|838565.03|0|0|1.0000
20190723|843069.35|0|0|1.0000
20190724|850219.55|0|0|1.0000
20190725|841757.63|0|0|1.0000
20190726|851107.97|0|0|1.0000
20190729|847346.21|0|0|1.0000
20190730|845334.77|0|0|1.0000
20190808|821420.87|0|0|1.0000
20190813|819095.27|0|0|1.0000
20190819|817635.83|0|0|1.0000
20190820|811179.77|0|0|1.0000
20190821|817853.45|0|0|1.0000
20190822|817440.53|0|0|1.0000
20190829|817895.30|0|0|1.0000
20190830|818419.82|0|0|1.0000
20190904|821578.10|0|0|1.0000
20190905|832557.05|0|0|1.0000
20190906|831153.53|0|0|1.0000
20190909|829559.27|0|0|1.0000
20190910|829224.71|0|0|1.0000
20190911|837947.75|0|0|1.0000
20190912|840476.33|0|0|1.0000
20190913|838664.81|0|0|1.0000
20190916|836301.47|0|0|1.0000
20190917|839623.43|0|0|1.0000
20190918|839910.80|0|0|1.0000
20190919|839927.54|0|0|1.0000
20191004|824643.92|0|0|1.0000
20191007|820955.54|0|0|1.0000
20191010|820771.40|0|0|1.0000
20191011|829738.46|0|0|1.0000
20191014|828588.98|0|0|1.0000
20191015|836827.85|0|0|1.0000
20191016|835156.64|0|0|1.0000
20191017|837461.18|0|0|1.0000
20191018|834182.93|0|0|1.0000
20191021|838463.54|0|0|1.0000
20191023|834057.14|0|0|1.0000
20191024|840790.16|0|0|1.0000
20191025|846636.80|0|0|1.0000
20191028|855089.54|0|0|1.0000
20191029|850077.26|0|0|1.0000
20191030|852844.52|0|0|1.0000
20191031|851659.28|0|0|1.0000
20191101|861251.36|0|0|1.0000
20191104|866024.96|0|0|1.0000
20191105|866175.92|0|0|1.0000
20191106|863722.82|0|0|1.0000
20191107|866159.60|0|0|1.0000
20191108|870320.18|0|0|1.0000
20191111|869195.12|0|0|1.0000
20191112|871419.74|0|0|1.0000
20191113|871012.76|0|0|1.0000
20191114|870698.60|0|0|1.0000
20191115|877003.22|0|0|1.0000
20191118|877932.44|0|0|1.0000
20191119|880045.88|0|0|1.0000
20191120|875565.02|0|0|1.0000
20191125|886352.54|0|0|1.0000
20191126|887927.42|0|0|1.0000
20191127|893766.92|0|0|1.0000
20191129|889716.50|0|0|1.0000
20191206|888804.62|0|0|1.0000
20191209|885265.22|0|0|1.0000
20191210|884688.92|0|0|1.0000
20191211|888551.66|0|0|1.0000
20191212|895005.20|0|0|1.0000
20191213|896796.32|0|0|1.0000
20191216|904890.02|0|0|1.0000
20191217|905821.28|0|0|1.0000
20191218|906267.02|0|0|1.0000
20191219|912335.00|0|0|1.0000
20191220|916184.48|0|0|1.0000
20191223|918294.86|0|0|1.0000
20191224|919032.32|0|0|1.0000
20191226|926122.34|0|0|1.0000
20191227|924513.80|0|0|1.0000
20191230|918329.54|0|0|1.0000
20191231|921043.76|0|0|1.0000
20200102|933241.94|0|0|1.0000
20200103|925957.10|0|0|1.0000
20200106|931127.48|0|0|1.0000
20200107|930833.72|0|0|1.0000
20200108|937021.04|0|0|1.0000
20200109|944588.42|0|0|1.0000
20200110|942082.28|0|0|1.0000
20200113|951779.42|0|0|1.0000
20200114|949474.22|0|0|1.0000
20200115|950225.96|0|0|1.0000
20200116|960265.82|0|0|1.0000
20200117|963510.44|0|0|1.0000
20200121|961661.18|0|0|1.0000
20200122|962983.10|0|0|1.0000
20200123|964891.52|0|0|1.0000
20200203|951725.36|0|0|1.0000
20200204|971571.50|0|0|1.0000
20200205|975723.92|0|0|1.0000
20200206|982197.86|0|0|1.0000
20200207|976930.58|0|0|1.0000
20200210|987934.34|0|0|1.0000
20200211|989010.44|0|0|1.0000
20200212|997886.48|0|0|1.0000
20200213|996459.50|0|0|1.0000
20200214|998418.92|0|0|1.0000
20200218|998578.04|0|0|1.0000
20200219|1007190.92|0|0|1.0000
20200220|1000436.48|0|0|1.0000
20200304|925683.74|0|0|1.0000
20200312|782098.34|0|0|1.0000
20200316|782098.34|0|0|1.0000
20200324|781730.84|0|0|1.0000
20200325|778207.04|0|0|1.0000
20200428|778504.49|0|0|1.0000
20200429|806132.69|0|0|1.0000
20200430|803868.29|0|0|1.0000
20200504|787772.69|0|0|1.0000
20200505|796629.59|0|0|1.0000
20200506|800703.89|0|0|1.0000
20200507|811978.19|0|0|1.0000
20200508|824727.59|0|0|1.0000
20200511|831119.39|0|0|1.0000
20200512|814038.29|0|0|1.0000
20200515|815119.19|0|0|1.0000
20200518|834943.49|0|0|1.0000
20200519|830467.79|0|0|1.0000
20200520|847628.99|0|0|1.0000
20200521|839447.99|0|0|1.0000
20200522|843021.89|0|0|1.0000
20200526|844428.59|0|0|1.0000
20200527|850921.19|0|0|1.0000
20200528|847017.89|0|0|1.0000
20200529|857897.09|0|0|1.0000
20200601|863493.29|0|0|1.0000
20200602|868562.09|0|0|1.0000
20200603|875270.69|0|0|1.0000
20200604|862864.66|0|0|1.0000
20200605|885462.32|0|0|1.0000
20200608|896115.74|0|0|1.0000
20200609|889132.57|0|0|1.0000
20200610|884412.49|0|0|1.0000
20200616|865324.44|0|0|1.0000
20200617|866599.86|0|0|1.0000
20200618|869429.10|0|0|1.0000
20200619|869696.19|0|0|1.0000
20200622|879296.64|0|0|1.0000
20200623|885812.94|0|0|1.0000
20200625|875862.75|0|0|1.0000
20200630|879496.74|0|0|1.0000
20200701|887836.56|0|0|1.0000
20200702|892447.56|0|0|1.0000
20200706|912111.30|0|0|1.0000
20200707|904302.18|0|0|1.0000
20200708|917231.25|0|0|1.0000
20200709|922038.00|0|0|1.0000
20200710|928101.03|0|0|1.0000
20200714|916890.21|0|0|1.0000
20200715|922276.38|0|0|1.0000
20200720|941120.58|0|0|1.0000
20200721|933575.07|0|0|1.0000
20200722|935817.06|0|0|1.0000
20200730|925523.22|0|0|1.0000
20200731|939222.24|0|0|1.0000
20200803|952927.35|0|0|1.0000
20200804|956265.54|0|0|1.0000
20200805|961841.41|0|0|1.0000
20200806|968023.12|0|0|1.0000
20200807|968635.80|0|0|1.0000
20200810|971291.71|0|0|1.0000
20200812|977037.03|0|0|1.0000
20200813|975037.15|0|0|1.0000
20200814|974869.53|0|0|1.0000
20200817|977510.99|0|0|1.0000
20200818|980206.75|0|0|1.0000
20200819|974605.69|0|0|1.0000
20200820|984914.32|0|0|1.0000
20200821|988990.27|0|0|1.0000
20200824|994899.31|0|0|1.0000
20200825|1002446.56|0|0|1.0000
20200826|1019723.89|0|0|1.0000
20200827|1016268.25|0|0|1.0000
20200828|1022383.48|0|0|1.0000
20200831|1029328.69|0|0|1.0000
20200901|1043614.96|0|0|1.0000
20200902|1053773.95|0|0|1.0000
20200915|978306.02|0|0|1.0000
20200916|973797.25|0|0|1.0000
20200922|953730.21|0|0|1.0000
20200925|948819.64|0|0|1.0000
20200928|964070.82|0|0|1.0000
20200929|959441.51|0|0|1.0000
20200930|967342.62|0|0|1.0000
20201001|972451.22|0|0|1.0000
20201002|963163.90|0|0|1.0000
20201005|982014.56|0|0|1.0000
20201006|966716.02|0|0|1.0000
20201007|984776.02|0|0|1.0000
20201008|989624.70|0|0|1.0000
20201009|1003295.26|0|0|1.0000
20201012|1028778.78|0|0|1.0000
20201013|1027715.82|0|0|1.0000
20201014|1019531.20|0|0|1.0000
20201015|1014813.24|0|0|1.0000
20201016|1011174.58|0|0|1.0000
20201104|1004227.50|0|0|1.0000
20201208|1027510.11|0|0|1.0000
20201214|1015948.98|0|0|1.0000
20201215|1028505.60|0|0|1.0000
20201216|1033619.13|0|0|1.0000
20201217|1042250.49|0|0|1.0000
20201218|1041512.58|0|0|1.0000
20201221|1040449.86|0|0|1.0000
20201222|1045747.26|0|0|1.0000
20201223|1042765.65|0|0|1.0000
20201224|1045488.87|0|0|1.0000
20201228|1053158.76|0|0|1.0000
20201229|1049173.56|0|0|1.0000
20201230|1050775.74|0|0|1.0000
20201231|1052256.42|0|0|1.0000
20210107|1066771.62|0|0|1.0000
20210108|1077666.12|0|0|1.0000
20210111|1064256.57|0|0|1.0000
20210112|1067172.57|0|0|1.0000
20210113|1071750.69|0|0|1.0000
20210114|1070429.58|0|0|1.0000
20210119|1077277.32|0|0|1.0000
20210120|1098342.99|0|0|1.0000
20210121|1104309.45|0|0|1.0000
20210122|1105293.60|0|0|1.0000
20210125|1112820.93|0|0|1.0000
20210126|1112016.60|0|0|1.0000
20210202|1110940.92|0|0|1.0000
20210203|1110759.48|0|0|1.0000
20210204|1124302.68|0|0|1.0000
20210205|1130666.04|0|0|1.0000
20210208|1141304.58|0|0|1.0000
20210209|1142929.44|0|0|1.0000
20210210|1140080.67|0|0|1.0000
20210211|1144393.11|0|0|1.0000
20210212|1150038.81|0|0|1.0000
20210216|1146153.24|0|0|1.0000
20210301|1109344.31|0|0|1.0000
20210309|1101852.39|0|0|1.0000
20210310|1108489.47|0|0|1.0000
20210311|1119999.99|0|0|1.0000
20210312|1121135.99|0|0|1.0000
20210315|1128406.39|0|0|1.0000
20210316|1126637.07|0|0|1.0000
20210317|1129877.51|0|0|1.0000
20210322|1120354.99|0|0|1.0000
20210331|1129528.19|0|0|1.0000
20210401|1142870.51|0|0|1.0000
20210405|1159353.87|0|0|1.0000
20210406|1160264.51|0|0|1.0000
20210407|1159463.15|0|0|1.0000
20210408|1171262.63|0|0|1.0000
20210409|1177216.55|0|0|1.0000
20210412|1173000.59|0|0|1.0000
20210413|1185272.99|0|0|1.0000
20210414|1173659.15|0|0|1.0000
20210415|1188856.43|0|0|1.0000
20210416|1189997.15|0|0|1.0000
20210421|1182454.15|0|0|1.0000
20210423|1184364.40|0|0|1.0000
20210426|1186472.75|0|0|1.0000
20210427|1186218.05|0|0|1.0000
20210428|1185216.23|0|0|1.0000
20210429|1193222.30|0|0|1.0000
20210514|1182575.84|0|0|1.0000
20210519|1166113.73|0|0|1.0000
20210520|1178407.25|0|0|1.0000
20210521|1177484.67|0|0|1.0000
20210524|1189141.44|0|0|1.0000
20210525|1186617.08|0|0|1.0000
20210526|1188841.46|0|0|1.0000
20210527|1190225.33|0|0|1.0000
20210528|1191139.42|0|0|1.0000
20210601|1190553.61|0|0|1.0000
20210602|1192274.25|0|0|1.0000
20210604|1199283.13|0|0|1.0000
20210607|1205064.91|0|0|1.0000
20210608|1208779.25|0|0|1.0000
20210609|1207647.49|0|0|1.0000
20210610|1216985.37|0|0|1.0000
20210611|1221207.11|0|0|1.0000
20210614|1230213.03|0|0|1.0000
20210615|1221502.95|0|0|1.0000
20210616|1218649.47|0|0|1.0000
20210617|1229113.09|0|0|1.0000
20210621|1227404.27|0|0|1.0000
20210622|1237018.21|0|0|1.0000
20210623|1238605.77|0|0|1.0000
20210624|1247032.05|0|0|1.0000
20210625|1246230.53|0|0|1.0000
20210628|1258280.85|0|0|1.0000
20210629|1260673.37|0|0|1.0000
20210630|1258576.69|0|0|1.0000
20210701|1260161.67|0|0|1.0000
20210702|1270219.37|0|0|1.0000
20210706|1272310.03|0|0|1.0000
20210707|1272432.15|0|0|1.0000
20210709|1275602.11|0|0|1.0000
20210712|1278295.63|0|0|1.0000
20210713|1273514.89|0|0|1.0000
20210721|1269584.69|0|0|1.0000
20210722|1275993.91|0|0|1.0000
20210723|1288932.43|0|0|1.0000
20210726|1292001.35|0|0|1.0000
20210727|1285916.07|0|0|1.0000
20210728|1285676.63|0|0|1.0000
20210729|1291081.55|0|0|1.0000
20210803|1292249.55|0|0|1.0000
20210804|1286266.47|0|0|1.0000
20210805|1293986.95|0|0|1.0000
20210806|1296153.59|0|0|1.0000
20210809|1294935.95|0|0|1.0000
20210810|1296220.75|0|0|1.0000
20210812|1303252.11|0|0|1.0000
20210813|1305345.75|0|0|1.0000
20210820|1297657.39|0|0|1.0000
20210823|1308712.51|0|0|1.0000
20210824|1310228.14|0|0|1.0000
20210825|1312147.36|0|0|1.0000
20210826|1303791.01|0|0|1.0000
20210827|1319772.04|0|0|1.0000
20210830|1331637.97|0|0|1.0000
20210831|1331059.42|0|0|1.0000
20210901|1335421.60|0|0|1.0000
20210902|1337318.20|0|0|1.0000
20210903|1340131.78|0|0|1.0000
20210907|1341072.25|0|0|1.0000
20210923|1313050.42|0|0|1.0000
20210924|1312655.44|0|0|1.0000
20210927|1305892.93|0|0|1.0000
20211007|1279988.68|0|0|1.0000
20211008|1277546.88|0|0|1.0000
20211013|1269560.28|0|0|1.0000
20211014|1291153.68|0|0|1.0000
20211015|1300755.58|0|0|1.0000
20211018|1305131.68|0|0|1.0000
20211019|1314750.98|0|0|1.0000
20211020|1319553.38|0|0|1.0000
20211021|1323494.48|0|0|1.0000
20211022|1322079.28|0|0|1.0000
20211025|1328337.48|0|0|1.0000
20211026|1330747.38|0|0|1.0000
20211027|1321356.48|0|0|1.0000
20211028|1339612.56|0|0|1.0000
20211029|1343935.78|0|0|1.0000
20211101|1352323.36|0|0|1.0000
20211102|1356939.84|0|0|1.0000
20211103|1370870.12|0|0|1.0000
20211104|1381940.90|0|0|1.0000
20211105|1384630.98|0|0|1.0000
20211108|1385557.20|0|0|1.0000
20211109|1377316.68|0|0|1.0000
20211112|1375116.80|0|0|1.0000
20211115|1374505.34|0|0|1.0000
20211116|1384826.20|0|0|1.0000
20211117|1380329.26|0|0|1.0000
20211118|1386533.30|0|0|1.0000
20211119|1392014.08|0|0|1.0000
20211207|1359278.24|0|0|1.0000
20211208|1363471.64|0|0|1.0000
20211209|1353681.24|0|0|1.0000
20211210|1366606.54|0|0|1.0000
20211215|1365977.24|0|0|1.0000
20211221|1348397.44|0|0|1.0000
20211222|1362123.14|0|0|1.0000
20211223|1370599.84|0|0|1.0000
20211227|1389565.84|0|0|1.0000
20211228|1388162.24|0|0|1.0000
20211229|1390108.14|0|0|1.0000
20211230|1385952.44|0|0|1.0000
20220103|1391123.14|0|0|1.0000
20220131|1309630.24|0|0|1.0000
20220201|1318617.34|0|0|1.0000
20220202|1331040.94|0|0|1.0000
20220204|1305274.44|0|0|1.0000
20220207|1300443.04|0|0|1.0000
20220208|1311367.34|0|0|1.0000
20220209|1330402.94|0|0|1.0000
20220215|1296731.04|0|0|1.0000
20220216|1297873.64|0|0|1.0000
20220225|1274342.51|0|0|1.0000
20220228|1279623.05|0|0|1.0000
20220301|1259261.63|0|0|1.0000
20220302|1279680.71|0|0|1.0000
20220303|1259771.27|0|0|1.0000
20220316|1246936.31|0|0|1.0000
20220317|1262325.97|0|0|1.0000
20220504|1285697.27|0|0|1.0000
20220517|1222723.91|0|0|1.0000
20220526|1213482.93|0|0|1.0000
20220705|1239564.49|0|0|1.0000
20220706|1243881.98|0|0|1.0000
20220707|1272167.48|0|0|1.0000
20220708|1273689.12|0|0|1.0000
20220711|1245053.73|0|0|1.0000
20220715|1253754.11|0|0|1.0000
20220719|1282173.68|0|0|1.0000
20220720|1302284.18|0|0|1.0000
20220721|1319937.82|0|0|1.0000
20220722|1295358.32|0|0|1.0000
20220725|1289751.36|0|0|1.0000
20220727|1316974.11|0|0|1.0000
20220728|1331162.64|0|0|1.0000
20220729|1356025.54|0|0|1.0000
20220801|1353659.15|0|0|1.0000
20220802|1351455.17|0|0|1.0000
20220803|1386269.77|0|0|1.0000
20220804|1391983.55|0|0|1.0000
20220805|1385113.28|0|0|1.0000
20220808|1383686.47|0|0|1.0000
20220810|1406613.53|0|0|1.0000
20220811|1398450.52|0|0|1.0000
20220812|1427584.04|0|0|1.0000
20220815|1436397.78|0|0|1.0000
20220816|1433618.28|0|0|1.0000
20220817|1415695.41|0|0|1.0000
20220818|1418662.39|0|0|1.0000
20220908|1303481.82|0|0|1.0000
20220909|1323365.32|0|0|1.0000
20220912|1337356.57|0|0|1.0000
20221004|1233525.57|0|0|1.0000
20221005|1231039.32|0|0|1.0000
20221006|1218442.32|0|0|1.0000
20221017|1196807.07|0|0|1.0000
20221018|1210466.82|0|0|1.0000
20221019|1202400.32|0|0|1.0000
20221020|1192851.82|0|0|1.0000
20221021|1221117.07|0|0|1.0000
20221024|1235608.82|0|0|1.0000
20221025|1255684.07|0|0|1.0000
20221026|1246418.32|0|0|1.0000
20221028|1269317.82|0|0|1.0000
20221031|1259866.82|0|0|1.0000
20221110|1287293.57|0|0|1.0000
20221214|1306359.27|0|0|1.0000
20221229|1258750.23|0|0|1.0000
20230104|1259953.17|0|0|1.0000
20230106|1273681.03|0|0|1.0000
20230110|1281560.45|0|0|1.0000
20230111|1297977.81|0|0|1.0000
20230112|1302398.37|0|0|1.0000
20230113|1307588.29|0|0|1.0000
20230117|1299745.17|0|0|1.0000
20230118|1283587.47|0|0|1.0000
20230120|1305047.61|0|0|1.0000
20230123|1331253.27|0|0|1.0000
20230124|1327726.89|0|0|1.0000
20230125|1325280.42|0|0|1.0000
20230126|1348570.44|0|0|1.0000
20230127|1361357.37|0|0|1.0000
20230130|1334693.07|0|0|1.0000
20230131|1357009.65|0|0|1.0000
20230201|1384126.74|0|0|1.0000
20230315|1405399.88|0|0|1.0000
20230316|1439953.94|0|0|1.0000
20230317|1429368.00|0|0|1.0000
20230320|1434861.66|0|0|1.0000
20230321|1457379.20|0|0|1.0000
20230322|1434180.90|0|0|1.0000
20230323|1448508.58|0|0|1.0000
20230324|1452968.90|0|0|1.0000
20230327|1446244.26|0|0|1.0000
20230329|1465447.06|0|0|1.0000
20230330|1476089.12|0|0|1.0000
20230331|1501518.80|0|0|1.0000
20230403|1497558.68|0|0|1.0000
20230404|1489858.04|0|0|1.0000
20230405|1474062.70|0|0|1.0000
20230406|1485176.90|0|0|1.0000
20230410|1484737.70|0|0|1.0000
20230413|1491025.51|0|0|1.0000
20230414|1487945.29|0|0|1.0000
20230417|1492856.41|0|0|1.0000
20230418|1494130.86|0|0|1.0000
20230419|1494005.21|0|0|1.0000
20230427|1487123.18|0|0|1.0000
20230428|1499375.85|0|0|1.0000
20230501|1498797.86|0|0|1.0000
20230502|1481461.75|0|0|1.0000
20230505|1488159.68|0|0|1.0000
20230508|1490762.39|0|0|1.0000
20230509|1481400.62|0|0|1.0000
20230510|1496754.31|0|0|1.0000
20230511|1499424.78|0|0|1.0000
20230512|1494128.61|0|0|1.0000
20230515|1503865.48|0|0|1.0000
20230516|1501184.12|0|0|1.0000
20230517|1520244.04|0|0|1.0000
20230518|1543024.71|0|0|1.0000
20230519|1539280.97|0|0|1.0000
20230522|1546889.45|0|0|1.0000
20230523|1527465.32|0|0|1.0000
20230525|1544143.96|0|0|1.0000
20230526|1577733.56|0|0|1.0000
20230530|1582784.10|0|0|1.0000
20230531|1572845.16|0|0|1.0000
20230601|1592893.65|0|0|1.0000
20230602|1609808.24|0|0|1.0000
20230605|1608436.10|0|0|1.0000
20230606|1614121.89|0|0|1.0000
20230608|1609535.99|0|0|1.0000
20230609|1612031.01|0|0|1.0000
20230612|1636567.39|0|0|1.0000
20230613|1650046.79|0|0|1.0000
20230614|1656479.15|0|0|1.0000
20230615|1675396.29|0|0|1.0000
20230616|1664113.04|0|0|1.0000
20230620|1661417.16|0|0|1.0000
20230622|1656978.88|0|0|1.0000
20230628|1652276.82|0|0|1.0000
20230629|1657990.65|0|0|1.0000
20230630|1678326.03|0|0|1.0000
20230703|1680290.20|0|0|1.0000
20230705|1676983.91|0|0|1.0000
20230706|1663702.20|0|0|1.0000
20230711|1666104.16|0|0|1.0000
20230712|1685253.62|0|0|1.0000
20230713|1711826.43|0|0|1.0000
20230714|1708817.16|0|0|1.0000
20230717|1724698.41|0|0|1.0000
20230718|1737849.90|0|0|1.0000
20230719|1738379.88|0|0|1.0000
20230728|1733375.32|0|0|1.0000
20230731|1736927.88|0|0|1.0000
20230801|1729412.57|0|0|1.0000
20230823|1667829.72|0|0|1.0000
20230825|1656467.22|0|0|1.0000
20230828|1666817.22|0|0|1.0000
20230829|1690937.22|0|0|1.0000
20230830|1697402.22|0|0|1.0000
20230831|1694698.47|0|0|1.0000
20230901|1697739.72|0|0|1.0000
20230905|1692064.02|0|0|1.0000
20230914|1680676.02|0|0|1.0000
20230929|1597021.98|0|0|1.0000
20231002|1597148.46|0|0|1.0000
20231004|1587982.38|0|0|1.0000
20231005|1585914.06|0|0|1.0000
20231006|1604629.38|0|0|1.0000
20231009|1614732.90|0|0|1.0000
20231010|1623132.66|0|0|1.0000
20231011|1630055.05|0|0|1.0000
20231012|1619885.31|0|0|1.0000
20231016|1619142.75|0|0|1.0000
20231017|1615069.38|0|0|1.0000
20231101|1567763.84|0|0|1.0000
20231102|1597254.32|0|0|1.0000
20231103|1612220.96|0|0|1.0000
20231106|1615040.12|0|0|1.0000
20231107|1619615.72|0|0|1.0000
20231108|1621239.32|0|0|1.0000
20231109|1608165.65|0|0|1.0000
20231110|1633217.06|0|0|1.0000
20231113|1620380.72|0|0|1.0000
20231114|1658597.60|0|0|1.0000
20231115|1659704.42|0|0|1.0000
20231116|1660854.53|0|0|1.0000
20231117|1662236.30|0|0|1.0000
20231120|1680845.15|0|0|1.0000
20231121|1670952.80|0|0|1.0000
20231122|1678660.76|0|0|1.0000
20231124|1676904.59|0|0|1.0000
20231127|1675754.48|0|0|1.0000
20231128|1680521.06|0|0|1.0000
20231129|1677798.47|0|0|1.0000
20231201|1683243.65|0|0|1.0000
20231207|1687333.97|0|0|1.0000
20231208|1694819.63|0|0|1.0000
20231211|1698566.69|0|0|1.0000
20231212|1706369.11|0|0|1.0000
20231213|1729633.24|0|0|1.0000
20231214|1734206.06|0|0|1.0000
20231215|1734073.94|0|0|1.0000
20231218|1741916.73|0|0|1.0000
20231219|1752123.00|0|0|1.0000
20231220|1726425.66|0|0|1.0000
20231221|1741911.89|0|0|1.0000
20231222|1745287.49|0|0|1.0000
20231226|1754753.09|0|0|1.0000
20231227|1757607.85|0|0|1.0000
20231228|1757139.21|0|0|1.0000
20231229|1747419.57|0|0|1.0000
20240108|1724223.26|0|0|1.0000
20240109|1721681.82|0|0|1.0000
20240110|1731410.77|0|0|1.0000
20240111|1730251.96|0|0|1.0000
20240112|1731547.95|0|0|1.0000
20240116|1725104.10|0|0|1.0000
20240118|1730504.66|0|0|1.0000
20240119|1747312.82|0|0|1.0000
20240122|1752935.30|0|0|1.0000
20240123|1760419.40|0|0|1.0000
20240124|1766801.12|0|0|1.0000
20240125|1770059.24|0|0|1.0000
20240126|1763773.28|0|0|1.0000
20240129|1783458.80|0|0|1.0000
20240130|1769990.84|0|0|1.0000
20240202|1783562.54|0|0|1.0000
20240205|1779997.76|0|0|1.0000
20240206|1781288.24|0|0|1.0000
20240207|1798119.20|0|0|1.0000
20240208|1802345.18|0|0|1.0000
20240209|1824797.48|0|0|1.0000
20240212|1819312.94|0|0|1.0000
20240214|1809805.34|0|0|1.0000
20240215|1815165.62|0|0|1.0000
20240222|1831670.18|0|0|1.0000
20240223|1832307.38|0|0|1.0000
20240226|1825370.18|0|0|1.0000
20240227|1828484.18|0|0|1.0000
20240228|1825452.98|0|0|1.0000
20240229|1834996.58|0|0|1.0000
20240301|1849688.18|0|0|1.0000
20240304|1847481.38|0|0|1.0000
20240307|1854039.62|0|0|1.0000
20240312|1853165.00|0|0|1.0000
20240313|1843235.69|0|0|1.0000
20240314|1837671.57|0|0|1.0000
20240319|1843009.66|0|0|1.0000
20240320|1859378.71|0|0|1.0000
20240321|1865381.76|0|0|1.0000
20240322|1862772.51|0|0|1.0000
20240325|1857096.06|0|0|1.0000
20240326|1851909.51|0|0|1.0000
20240327|1867852.56|0|0|1.0000
20240328|1869932.86|0|0|1.0000
20240401|1866176.96|0|0|1.0000
20240409|1854156.66|0|0|1.0000
20240411|1857231.70|0|0|1.0000
20240424|1755641.04|0|0|1.0000
20240426|1765443.22|0|0|1.0000
20240429|1771051.88|0|0|1.0000
20240502|1753070.26|0|0|1.0000
20240503|1775072.40|0|0|1.0000
20240506|1794637.45|0|0|1.0000
20240507|1792818.24|0|0|1.0000
20240508|1789570.04|0|0|1.0000
20240509|1794311.54|0|0|1.0000
20240510|1793724.03|0|0|1.0000
20240513|1798887.36|0|0|1.0000
20240514|1812287.82|0|0|1.0000
20240515|1837489.71|0|0|1.0000
20240516|1832686.08|0|0|1.0000
20240517|1831339.93|0|0|1.0000
20240520|1843210.03|0|0|1.0000
20240521|1847324.78|0|0|1.0000
20240522|1843937.06|0|0|1.0000
20240523|1836796.47|0|0|1.0000
20240524|1856935.31|0|0|1.0000
20240528|1867736.12|0|0|1.0000
20240529|1856912.42|0|0|1.0000
20240604|1849987.65|0|0|1.0000
20240605|1886050.30|0|0|1.0000
20240606|1884439.28|0|0|1.0000
20240607|1880080.37|0|0|1.0000
20240610|1886554.97|0|0|1.0000
20240611|1903016.15|0|0|1.0000
20240612|1931889.16|0|0|1.0000
20240613|1938333.24|0|0|1.0000
20240614|1940657.12|0|0|1.0000
20240617|1958984.38|0|0|1.0000
20240618|1959552.27|0|0|1.0000
20240620|1944222.51|0|0|1.0000
20240621|1940709.44|0|0|1.0000
20240625|1943793.05|0|0|1.0000
20240626|1953331.64|0|0|1.0000
20240627|1959165.32|0|0|1.0000
20240701|1961412.90|0|0|1.0000
20240702|1977704.04|0|0|1.0000
20240703|1995093.90|0|0|1.0000
20240705|2013020.04|0|0|1.0000
20240708|2018576.86|0|0|1.0000
20240709|2021361.81|0|0|1.0000
20240710|2045141.25|0|0|1.0000
20240711|2005460.89|0|0|1.0000
20240712|2018000.25|0|0|1.0000
20240715|2026079.33|0|0|1.0000
20240716|2030087.26|0|0|1.0000
20240731|1930672.01|0|0|1.0000
20240809|1868501.15|0|0|1.0000
20240812|1868581.42|0|0|1.0000
20240813|1900005.38|0|0|1.0000
20240814|1907257.60|0|0|1.0000
20240815|1937973.09|0|0|1.0000
20240816|1941822.56|0|0|1.0000
20240819|1960668.56|0|0|1.0000
20240820|1956784.19|0|0|1.0000
20240821|1965065.96|0|0|1.0000
20240822|1947542.67|0|0|1.0000
20240823|1969868.20|0|0|1.0000
20240830|1974680.91|0|0|1.0000
20240911|1941780.68|0|0|1.0000
20240912|1956309.55|0|0|1.0000
20240913|1966870.29|0|0|1.0000
20240916|1969337.72|0|0|1.0000
20240917|1969857.73|0|0|1.0000
20240918|1964162.05|0|0|1.0000
20240919|1997449.67|0|0|1.0000
20240920|1993579.26|0|0|1.0000
20240923|1999170.24|0|0|1.0000
20240924|2004181.88|0|0|1.0000
20240925|1987684.92|0|0|1.0000
20240926|1999465.64|0|0|1.0000
20240927|1991759.34|0|0|1.0000
20240930|1999343.56|0|0|1.0000
20241004|1993749.68|0|0|1.0000
20241008|1998662.31|0|0|1.0000
20241009|2010510.61|0|0|1.0000
20241010|2009467.48|0|0|1.0000
20241011|2016104.49|0|0|1.0000
20241014|2033517.24|0|0|1.0000
20241015|2013123.34|0|0|1.0000
20241016|2018735.75|0|0|1.0000
20241017|2023303.87|0|0|1.0000
20241018|2031331.07|0|0|1.0000
20241021|2027632.33|0|0|1.0000
20241022|2026670.45|0|0|1.0000
20241025|2011764.77|0|0|1.0000
20241028|2017093.17|0|0|1.0000
20241029|2018224.50|0|0|1.0000
20241030|2007008.76|0|0|1.0000
20241105|1988951.44|0|0|1.0000
20241106|2047191.54|0|0|1.0000
20241107|2077792.47|0|0|1.0000
20241108|2079645.71|0|0|1.0000
20241111|2080927.57|0|0|1.0000
20241112|2079070.05|0|0|1.0000
20241113|2073648.36|0|0|1.0000
20241122|2056112.02|0|0|1.0000
20241125|2062314.34|0|0|1.0000
20241126|2074099.78|0|0|1.0000
20241127|2066225.62|0|0|1.0000
20241129|2077797.78|0|0|1.0000
20241202|2082878.66|0|0|1.0000
20241203|2083817.78|0|0|1.0000
20241204|2095029.70|0|0|1.0000
20241205|2091383.30|0|0|1.0000
20241206|2108242.60|0|0|1.0000
20241209|2095196.12|0|0|1.0000
20241210|2089954.42|0|0|1.0000
20241211|2126805.32|0|0|1.0000
20241212|2112808.02|0|0|1.0000
20241213|2115339.30|0|0|1.0000
20241216|2141539.32|0|0|1.0000
20241217|2134667.34|0|0|1.0000
20241224|2126406.76|0|0|1.0000
20241226|2125265.14|0|0|1.0000
20250106|2108794.86|0|0|1.0000
20250122|2124097.02|0|0|1.0000
20250123|2128797.06|0|0|1.0000
20250214|2125944.60|0|0|1.0000
20250425|1845698.62|0|0|1.0000
20250428|1843916.76|0|0|1.0000
20250429|1854006.90|0|0|1.0000
20250430|1852419.02|0|0|1.0000
20250501|1880445.42|0|0|1.0000
20250502|1908746.36|0|0|1.0000
20250505|1894596.42|0|0|1.0000
20250506|1878210.94|0|0|1.0000
20250507|1883351.94|0|0|1.0000
20250508|1903489.82|0|0|1.0000
20250509|1903572.50|0|0|1.0000
20250512|1986191.02|0|0|1.0000
20250514|2032668.84|0|0|1.0000
20250515|2029012.90|0|0|1.0000
20250516|2039483.58|0|0|1.0000
20250519|2039945.74|0|0|1.0000
20250520|2032234.24|0|0|1.0000
20250527|2038217.94|0|0|1.0000
20250528|2027806.62|0|0|1.0000
20250529|2035749.20|0|0|1.0000
20250530|2029166.60|0|0|1.0000
20250602|2042823.64|0|0|1.0000
20250603|2059396.74|0|0|1.0000
20250604|2065918.92|0|0|1.0000
20250605|2048742.68|0|0|1.0000
20250606|2073281.68|0|0|1.0000
20250609|2079778.42|0|0|1.0000
20250610|2092895.92|0|0|1.0000
20250611|2082390.26|0|0|1.0000
20250612|2087329.86|0|0|1.0000
20250616|2091435.24|0|0|1.0000
20250623|2083989.80|0|0|1.0000
20250624|2113835.16|0|0|1.0000
20250625|2120303.28|0|0|1.0000
20250626|2140905.44|0|0|1.0000
20250627|2152093.74|0|0|1.0000
20250630|2162298.36|0|0|1.0000
20250701|2144613.32|0|0|1.0000
20250702|2164778.76|0|0|1.0000
20250703|2186823.58|0|0|1.0000
20250707|2166834.10|0|0|1.0000
20250708|2167463.74|0|0|1.0000
20250709|2187909.02|0|0|1.0000
20250710|2189956.94|0|0|1.0000
20250711|2185173.16|0|0|1.0000
20250714|2190981.96|0|0|1.0000
20250715|2194953.78|0|0|1.0000
20250716|2200538.92|0|0|1.0000
20250717|2216985.88|0|0|1.0000
20250718|2218046.94|0|0|1.0000
20250721|2226369.00|0|0|1.0000
20250722|2217731.06|0|0|1.0000
20250723|2231229.10|0|0|1.0000
20250724|2235250.74|0|0|1.0000
20250725|2240588.90|0|0|1.0000
20250728|2248036.46|0|0|1.0000
20250729|2239525.72|0|0|1.0000
20250730|2242852.00|0|0|1.0000
20250731|2242086.68|0|0|1.0000
20250804|2234786.46|0|0|1.0000
20250806|2247065.50|0|0|1.0000
20250807|2254833.18|0|0|1.0000
20250808|2276809.10|0|0|1.0000
20250811|2269959.38|0|0|1.0000
20250812|2301388.38|0|0|1.0000
20250813|2304699.82|0|0|1.0000
20250814|2304438.00|0|0|1.0000
20250815|2295142.86|0|0|1.0000
20250818|2295862.60|0|0|1.0000
20250822|2281739.16|0|0|1.0000
20250825|2276731.72|0|0|1.0000
20250826|2286799.60|0|0|1.0000
20250827|2291661.82|0|0|1.0000
20250828|2303853.94|0|0|1.0000
20250829|2277395.28|0|0|1.0000
20250904|2304122.12|0|0|1.0000
20250909|2322332.92|0|0|1.0000
20250912|2350063.58|0|0|1.0000
20250915|2372074.48|0|0|1.0000
20250917|2362807.96|0|0|1.0000
20250918|2385004.36|0|0|1.0000
20250922|2418738.86|0|0|1.0000
20250923|2395894.80|0|0|1.0000
20250924|2387880.14|0|0|1.0000
20250926|2386418.40|0|0|1.0000
