20120703|299678.00|0|0|1.0000
20120710|286405.97|||0.0000
20120711|286405.97|||0.0000
20120713|286405.97|||0.0000
20120716|286405.97|||0.0000
20120717|286405.97|||0.0000
20120718|286405.97|||0.0000
20120719|286405.97|||0.0000
20120720|286405.97|||0.0000
20120723|286405.97|||0.0000
20120727|286405.97|||0.0000
20120730|286405.97|||0.0000
20120731|286405.97|||0.0000
20120801|286405.97|||0.0000
20120802|286405.97|||0.0000
20120803|286405.97|||0.0000
20120807|286846.32|0|0|1.0000
20120821|291873.36|0|0|1.0000
20120910|297077.40|0|0|1.0000
20120911|296851.01|0|0|1.0000
20120912|297154.43|0|0|1.0000
20120918|282521.41|||0.0000
20120919|282521.41|||0.0000
20120920|282521.41|||0.0000
20120921|282521.41|||0.0000
20120924|282521.41|||0.0000
20120925|282521.41|||0.0000
20120926|282521.41|||0.0000
20120927|282521.41|||0.0000
20120928|282521.41|||0.0000
20121008|282521.41|||0.0000
20121011|282521.41|||0.0000
20121012|282521.41|||0.0000
20121015|282521.41|||0.0000
20121016|282521.41|||0.0000
20121017|282521.41|||0.0000
20121018|282521.41|||0.0000
20121019|282521.41|||0.0000
20121024|282521.41|||0.0000
20121106|282521.41|||0.0000
20121107|282521.41|||0.0000
20121108|282521.41|||0.0000
20121109|282521.41|||0.0000
20121112|282521.41|||0.0000
20121113|282521.41|||0.0000
20121114|282521.41|||0.0000
20121115|282521.41|||0.0000
20121116|282521.41|||0.0000
20121119|282521.41|||0.0000
20121120|282521.41|||0.0000
20121121|282521.41|||0.0000
20121122|282521.41|||0.0000
20121123|282521.41|||0.0000
20121126|282521.41|||0.0000
20121127|282521.41|||0.0000
20121128|282521.41|||0.0000
20121129|282521.41|||0.0000
20121130|282521.41|||0.0000
20121203|282521.41|||0.0000
20121204|282521.41|||0.0000
20121205|282521.41|||0.0000
20121206|282521.41|||0.0000
20121207|282521.41|||0.0000
20121210|282521.41|||0.0000
20121211|282521.41|||0.0000
20121212|282521.41|||0.0000
20121213|282521.41|||0.0000
20121221|282996.82|0|0|1.0000
20121224|284093.40|0|0|1.0000
20121225|292087.59|0|0|1.0000
20121226|293690.35|0|0|1.0000
20121227|289754.87|0|0|1.0000
20121228|293107.85|0|0|1.0000
20121231|295672.58|0|0|1.0000
20130107|297432.50|0|0|1.0000
20130108|303652.43|0|0|1.0000
20130109|304218.78|0|0|1.0000
20130110|306981.82|0|0|1.0000
20130114|315001.00|0|0|1.0000
20130115|322474.94|0|0|1.0000
20130116|320770.09|0|0|1.0000
20130117|318212.81|0|0|1.0000
20130118|326111.10|0|0|1.0000
20130121|328269.70|0|0|1.0000
20130207|333891.60|0|0|1.0000
20130208|334108.23|0|0|1.0000
20130218|339069.08|0|0|1.0000
20130219|332764.04|0|0|1.0000
20130220|345381.41|0|0|1.0000
20130221|340697.58|0|0|1.0000
20130225|347337.96|0|0|1.0000
20130301|359162.75|0|0|1.0000
20130305|360461.99|0|0|1.0000
20130306|366457.61|0|0|1.0000
20130321|358289.16|0|0|1.0000
20130322|357992.30|0|0|1.0000
20130325|357893.07|0|0|1.0000
20130329|351776.76|||0.0000
20130402|351776.76|||0.0000
20130403|351776.76|||0.0000
20130408|351776.76|||0.0000
20130410|351776.76|||0.0000
20130418|351212.76|0|0|1.0000
20130419|358741.82|0|0|1.0000
20130422|368313.84|0|0|1.0000
20130424|371282.61|0|0|1.0000
20130503|377635.82|0|0|1.0000
20130506|385198.24|0|0|1.0000
20130507|384964.28|0|0|1.0000
20130508|394066.76|0|0|1.0000
20130509|398922.12|0|0|1.0000
20130510|397370.00|0|0|1.0000
20130513|400107.21|0|0|1.0000
20130515|407161.11|0|0|1.0000
20130516|405902.85|0|0|1.0000
20130517|411481.40|0|0|1.0000
20130520|422837.90|0|0|1.0000
20130521|431653.76|0|0|1.0000
20130524|431733.76|0|0|1.0000
20130527|438142.44|0|0|1.0000
20130614|429468.49|0|0|1.0000
20130617|431697.18|0|0|1.0000
20130618|431391.26|0|0|1.0000
20130620|405235.53|||0.0000
20130621|405235.53|||0.0000
20130624|405235.53|||0.0000
20130625|405235.53|||0.0000
20130626|405235.53|||0.0000
20130627|405235.53|||0.0000
20130628|405235.53|||0.0000
20130703|407746.94|0|0|1.0000
20130704|401594.24|0|0|1.0000
20130712|404690.88|0|0|1.0000
20130715|420657.88|0|0|1.0000
20130716|421996.61|0|0|1.0000
20130717|416935.78|0|0|1.0000
20130718|416377.11|0|0|1.0000
20130722|425899.53|0|0|1.0000
20130723|435056.63|0|0|1.0000
20130724|444178.31|0|0|1.0000
20130801|439309.36|0|0|1.0000
20130802|438843.68|0|0|1.0000
20130805|444002.67|0|0|1.0000
20130806|447305.22|0|0|1.0000
20130822|441900.11|0|0|1.0000
20130823|450273.08|0|0|1.0000
20130826|457043.13|0|0|1.0000
20130827|461684.78|0|0|1.0000
20130905|467776.60|0|0|1.0000
20130906|473490.93|0|0|1.0000
20130909|470969.19|0|0|1.0000
20130918|476035.56|0|0|1.0000
20130923|489485.24|0|0|1.0000
20130924|490338.74|0|0|1.0000
20130925|488359.42|0|0|1.0000
20130930|504917.19|0|0|1.0000
20131008|512205.31|0|0|1.0000
20131009|522600.04|0|0|1.0000
20131021|517114.48|0|0|1.0000
20131028|471099.45|||0.0000
20131029|471099.45|||0.0000
20131030|471099.45|||0.0000
20131031|471099.45|||0.0000
20131101|471099.45|||0.0000
20131104|471099.45|||0.0000
20131105|471099.45|||0.0000
20131106|471099.45|||0.0000
20131107|471099.45|||0.0000
20131108|471099.45|||0.0000
20131111|471099.45|||0.0000
20131112|471099.45|||0.0000
20131113|471099.45|||0.0000
20131114|471099.45|||0.0000
20131115|471099.45|||0.0000
20131118|471099.45|||0.0000
20131119|471099.45|||0.0000
20131127|469838.88|0|0|1.0000
20131128|472374.83|0|0|1.0000
20131129|483025.90|0|0|1.0000
20131217|448057.02|||0.0000
20131218|448057.02|||0.0000
20131219|448057.02|||0.0000
20131220|448057.02|||0.0000
20131223|448057.02|||0.0000
20131224|448057.02|||0.0000
20131225|448057.02|||0.0000
20131226|448057.02|||0.0000
20131227|448057.02|||0.0000
20131230|449880.75|0|0|1.0000
20131231|448665.16|0|0|1.0000
20140102|458460.89|0|0|1.0000
20140103|465264.98|0|0|1.0000
20140107|465071.53|0|0|1.0000
20140108|483163.75|0|0|1.0000
20140109|474664.56|0|0|1.0000
20140114|481755.05|0|0|1.0000
20140115|486696.65|0|0|1.0000
20140122|492328.03|0|0|1.0000
20140123|502543.94|0|0|1.0000
20140124|510401.04|0|0|1.0000
20140127|508081.33|0|0|1.0000
20140128|505910.48|0|0|1.0000
20140129|514549.62|0|0|1.0000
20140130|514361.32|0|0|1.0000
20140207|526952.50|0|0|1.0000
20140210|534062.21|0|0|1.0000
20140217|535846.15|0|0|1.0000
20140227|485007.72|||0.0000
20140228|485007.72|||0.0000
20140305|485007.72|||0.0000
20140306|485007.72|||0.0000
20140307|485007.72|||0.0000
20140310|485007.72|||0.0000
20140311|485007.72|||0.0000
20140312|485007.72|||0.0000
20140313|485007.72|||0.0000
20140314|485007.72|||0.0000
20140317|485007.72|||0.0000
20140318|485007.72|||0.0000
20140319|485007.72|||0.0000
20140320|485007.72|||0.0000
20140321|485007.72|||0.0000
20140324|485007.72|||0.0000
20140325|485007.72|||0.0000
20140326|485007.72|||0.0000
20140327|485007.72|||0.0000
20140328|485007.72|||0.0000
20140331|485007.72|||0.0000
20140401|485007.72|||0.0000
20140402|485007.72|||0.0000
20140403|485007.72|||0.0000
20140404|485007.72|||0.0000
20140408|485007.72|||0.0000
20140411|485007.72|||0.0000
20140414|485007.72|||0.0000
20140415|485007.72|||0.0000
20140416|485007.72|||0.0000
20140417|485007.72|||0.0000
20140418|485007.72|||0.0000
20140421|485007.72|||0.0000
20140422|485007.72|||0.0000
20140423|485007.72|||0.0000
20140424|485007.72|||0.0000
20140425|485007.72|||0.0000
20140428|485007.72|||0.0000
20140429|485007.72|||0.0000
20140430|485007.72|||0.0000
20140507|485007.72|||0.0000
20140508|485007.72|||0.0000
20140509|485007.72|||0.0000
20140512|485007.72|||0.0000
20140513|485007.72|||0.0000
20140514|485007.72|||0.0000
20140515|485007.72|||0.0000
20140516|485007.72|||0.0000
20140519|485007.72|||0.0000
20140520|485007.72|||0.0000
20140521|485007.72|||0.0000
20140522|485007.72|||0.0000
20140523|485007.72|||0.0000
20140528|485250.98|0|0|1.0000
20140605|491227.97|0|0|1.0000
20140611|495537.94|0|0|1.0000
20140613|501092.83|0|0|1.0000
20140616|505754.66|0|0|1.0000
20140626|502374.31|0|0|1.0000
20140627|503294.51|0|0|1.0000
20140630|509048.50|0|0|1.0000
20140701|511591.91|0|0|1.0000
20140702|514560.68|0|0|1.0000
20140714|494340.80|||0.0000
20140715|494340.80|||0.0000
20140716|494340.80|||0.0000
20140718|494340.80|||0.0000
20140721|494340.80|||0.0000
20140722|494340.80|||0.0000
20140723|494340.80|||0.0000
20140724|494340.80|||0.0000
20140725|494340.80|||0.0000
20140728|494340.80|||0.0000
20140729|494340.80|||0.0000
20140730|494340.80|||0.0000
20140731|494340.80|||0.0000
20140801|494340.80|||0.0000
20140804|494340.80|||0.0000
20140805|494340.80|||0.0000
20140812|494046.74|0|0|1.0000
20140818|497706.33|0|0|1.0000
20140819|497749.39|0|0|1.0000
20140821|492302.12|0|0|1.0000
20140822|497008.06|0|0|1.0000
20140902|498133.80|0|0|1.0000
20140903|502431.40|0|0|1.0000
20140904|508497.00|0|0|1.0000
20140905|506566.48|0|0|1.0000
20140909|507988.36|0|0|1.0000
20141008|529595.70|0|0|1.0000
20141009|530819.02|0|0|1.0000
20141105|514688.06|||0.0000
20141107|514688.06|||0.0000
20141110|514688.06|||0.0000
20141111|514688.06|||0.0000
20141112|514688.06|||0.0000
20141113|514688.06|||0.0000
20141114|514688.06|||0.0000
20141117|514688.06|||0.0000
20141118|514688.06|||0.0000
20141128|511631.91|0|0|1.0000
20141203|540520.77|0|0|1.0000
20141204|565418.74|0|0|1.0000
20141212|581594.17|0|0|1.0000
20141215|585962.35|0|0|1.0000
20141216|601646.02|0|0|1.0000
20141217|612055.69|0|0|1.0000
20141223|606877.43|||0.0000
20141224|606877.43|||0.0000
20141225|606877.43|||0.0000
20141226|606877.43|||0.0000
20141229|606877.43|||0.0000
20141230|606877.43|||0.0000
20141231|606877.43|||0.0000
20150105|606877.43|||0.0000
20150106|606877.43|||0.0000
20150107|606877.43|||0.0000
20150114|606877.43|||0.0000
20150115|606877.43|||0.0000
20150120|605720.78|0|0|1.0000
20150121|613456.31|0|0|1.0000
20150122|621094.64|0|0|1.0000
20150123|604452.00|0|0|1.0000
20150126|619582.71|0|0|1.0000
20150127|620965.77|0|0|1.0000
20150205|631872.54|0|0|1.0000
20150213|650091.20|0|0|1.0000
20150216|675417.04|0|0|1.0000
20150217|674590.41|0|0|1.0000
20150225|668338.69|0|0|1.0000
20150226|669635.60|0|0|1.0000
20150227|686601.14|0|0|1.0000
20150302|707584.49|0|0|1.0000
20150303|698597.98|0|0|1.0000
20150304|715715.88|0|0|1.0000
20150305|717481.29|0|0|1.0000
20150310|728352.10|0|0|1.0000
20150313|736807.10|0|0|1.0000
20150316|763008.70|0|0|1.0000
20150317|761153.94|0|0|1.0000
20150318|777336.64|0|0|1.0000
20150319|777678.04|0|0|1.0000
20150320|788318.17|0|0|1.0000
20150508|811380.44|0|0|1.0000
20150511|858500.08|0|0|1.0000
20150512|886642.84|0|0|1.0000
20150513|870826.31|0|0|1.0000
20150514|857075.62|0|0|1.0000
20150515|858093.44|0|0|1.0000
20150518|894309.70|0|0|1.0000
20150519|906356.85|0|0|1.0000
20150520|929071.57|0|0|1.0000
20150521|962018.66|0|0|1.0000
20150522|959084.87|0|0|1.0000
20150525|945835.48|0|0|1.0000
20150526|986721.16|0|0|1.0000
20150527|989561.38|0|0|1.0000
20150601|1014063.14|0|0|1.0000
20150602|1063782.02|0|0|1.0000
20150619|1088331.11|||0.0000
20150623|1088331.11|||0.0000
20150624|1088331.11|||0.0000
20150625|1088331.11|||0.0000
20150626|1088331.11|||0.0000
20150629|1088331.11|||0.0000
20150630|1088331.11|||0.0000
20150701|1088331.11|||0.0000
20150702|1088331.11|||0.0000
20150703|1088331.11|||0.0000
20150706|1088331.11|||0.0000
20150707|1088331.11|||0.0000
20150708|1088331.11|||0.0000
20150709|1088331.11|||0.0000
20150710|1088331.11|||0.0000
20150713|1088331.11|||0.0000
20150714|1088331.11|||0.0000
20150715|1088331.11|||0.0000
20150716|1088331.11|||0.0000
20150717|1088331.11|||0.0000
20150720|1088331.11|||0.0000
20150721|1088331.11|||0.0000
20150722|1088331.11|||0.0000
20150723|1088331.11|||0.0000
20150728|1088331.11|||0.0000
20150729|1088331.11|||0.0000
20150730|1088331.11|||0.0000
20150731|1088331.11|||0.0000
20150803|1088331.11|||0.0000
20150814|1088331.11|||0.0000
20150817|1088331.11|||0.0000
20150818|1088331.11|||0.0000
20150819|1088331.11|||0.0000
20150820|1088331.11|||0.0000
20150821|1088331.11|||0.0000
20150824|1088331.11|||0.0000
20150825|1088331.11|||0.0000
20150826|1088331.11|||0.0000
20150827|1088331.11|||0.0000
20150828|1088331.11|||0.0000
20150831|1088331.11|||0.0000
20150901|1088331.11|||0.0000
20150902|1088331.11|||0.0000
20150907|1088331.11|||0.0000
20150908|1088331.11|||0.0000
20150909|1088331.11|||0.0000
20150910|1088331.11|||0.0000
20150911|1088331.11|||0.0000
20150914|1088331.11|||0.0000
20150915|1088331.11|||0.0000
20150916|1088331.11|||0.0000
20150917|1088331.11|||0.0000
20150918|1088331.11|||0.0000
20150921|1088331.11|||0.0000
20150922|1088331.11|||0.0000
20150923|1088331.11|||0.0000
20151014|1090405.69|0|0|1.0000
20151015|1137483.38|0|0|1.0000
20151016|1158530.46|0|0|1.0000
20151019|1151231.59|0|0|1.0000
20151020|1187919.84|0|0|1.0000
20151022|1162838.54|0|0|1.0000
20151023|1200794.43|0|0|1.0000
20151026|1195635.89|0|0|1.0000
20151027|1212891.40|0|0|1.0000
20151104|1222521.21|0|0|1.0000
20151105|1213252.77|0|0|1.0000
20151106|1258987.14|0|0|1.0000
20151109|1288884.05|0|0|1.0000
20151110|1299285.32|0|0|1.0000
20151111|1326751.49|0|0|1.0000
20151112|1316639.22|0|0|1.0000
20151116|1323196.89|0|0|1.0000
20151124|1332129.97|0|0|1.0000
20151125|1370689.40|0|0|1.0000
20151208|1266637.92|||0.0000
20151209|1266637.92|||0.0000
20151210|1266637.92|||0.0000
20151214|1266637.92|||0.0000
20151223|1266637.92|||0.0000
20160104|1266637.92|||0.0000
20160105|1266637.92|||0.0000
20160106|1266637.92|||0.0000
20160107|1266637.92|||0.0000
20160108|1266637.92|||0.0000
20160111|1266637.92|||0.0000
20160112|1266637.92|||0.0000
20160113|1266637.92|||0.0000
20160114|1266637.92|||0.0000
20160115|1266637.92|||0.0000
20160118|1266637.92|||0.0000
20160119|1266637.92|||0.0000
20160120|1266637.92|||0.0000
20160121|1266637.92|||0.0000
20160122|1266637.92|||0.0000
20160125|1266637.92|||0.0000
20160126|1266637.92|||0.0000
20160127|1266637.92|||0.0000
20160128|1266637.92|||0.0000
20160129|1266637.92|||0.0000
20160201|1266637.92|||0.0000
20160202|1266637.92|||0.0000
20160203|1266637.92|||0.0000
20160204|1266637.92|||0.0000
20160205|1266637.92|||0.0000
20160216|1268941.92|0|0|1.0000
20160217|1276669.53|0|0|1.0000
20160219|1274172.57|0|0|1.0000
20160222|1294077.98|0|0|1.0000
20160225|1178846.88|||0.0000
20160226|1178846.88|||0.0000
20160229|1178846.88|||0.0000
20160301|1178846.88|||0.0000
20160304|1178846.88|||0.0000
20160308|1178846.88|||0.0000
20160309|1178846.88|||0.0000
20160310|1178846.88|||0.0000
20160311|1178846.88|||0.0000
20160314|1178846.88|||0.0000
20160315|1178846.88|||0.0000
20160316|1178846.88|||0.0000
20160317|1178846.88|||0.0000
20160323|1187873.76|0|0|1.0000
20160324|1167967.05|0|0|1.0000
20160405|1195657.19|0|0|1.0000
20160406|1204838.19|0|0|1.0000
20160414|1219171.16|0|0|1.0000
20160420|1120417.08|||0.0000
20160421|1120417.08|||0.0000
20160422|1120417.08|||0.0000
20160425|1120417.08|||0.0000
20160428|1120417.08|||0.0000
20160429|1120417.08|||0.0000
20160504|1120417.08|||0.0000
20160505|1120417.08|||0.0000
20160506|1120417.08|||0.0000
20160509|1120417.08|||0.0000
20160510|1120417.08|||0.0000
20160511|1120417.08|||0.0000
20160512|1120417.08|||0.0000
20160513|1120417.08|||0.0000
20160516|1120417.08|||0.0000
20160517|1120417.08|||0.0000
20160518|1120417.08|||0.0000
20160519|1120417.08|||0.0000
20160520|1120417.08|||0.0000
20160524|1120417.08|||0.0000
20160525|1120417.08|||0.0000
20160526|1120417.08|||0.0000
20160527|1120417.08|||0.0000
20160530|1120417.08|||0.0000
20160531|1120417.08|||0.0000
20160603|1116630.68|0|0|1.0000
20160606|1113760.14|0|0|1.0000
20160627|1109967.67|0|0|1.0000
20160628|1122569.09|0|0|1.0000
20160629|1119066.56|0|0|1.0000
20160630|1128175.57|0|0|1.0000
20160704|1138762.11|0|0|1.0000
20160727|1088974.74|||0.0000
20160728|1088974.74|||0.0000
20160729|1088974.74|||0.0000
20160801|1088974.74|||0.0000
20160802|1088974.74|||0.0000
20160803|1088974.74|||0.0000
20160804|1088974.74|||0.0000
20160805|1088974.74|||0.0000
20160808|1088974.74|||0.0000
20160809|1088974.74|||0.0000
20160810|1088974.74|||0.0000
20160811|1088974.74|||0.0000
20160812|1088974.74|||0.0000
20160815|1088974.74|||0.0000
20160816|1088974.74|||0.0000
20160817|1088974.74|||0.0000
20160818|1088974.74|||0.0000
20160819|1088974.74|||0.0000
20160822|1088974.74|||0.0000
20160823|1088974.74|||0.0000
20160912|1088974.74|||0.0000
20160913|1088974.74|||0.0000
20160914|1088974.74|||0.0000
20160920|1088974.74|||0.0000
20160926|1088974.74|||0.0000
20160927|1088974.74|||0.0000
20160928|1088974.74|||0.0000
20160929|1088974.74|||0.0000
20161017|1088974.74|||0.0000
20161107|1088974.74|||0.0000
20161108|1088974.74|||0.0000
20161109|1088974.74|||0.0000
20161110|1088974.74|||0.0000
20161111|1088974.74|||0.0000
20161121|1088974.74|||0.0000
20161209|1088974.74|||0.0000
20161212|1088974.74|||0.0000
20161213|1088974.74|||0.0000
20161214|1088974.74|||0.0000
20161215|1088974.74|||0.0000
20161216|1088974.74|||0.0000
20161219|1088974.74|||0.0000
20161220|1088974.74|||0.0000
20161221|1088974.74|||0.0000
20161222|1088974.74|||0.0000
20161223|1088974.74|||0.0000
20161226|1088974.74|||0.0000
20161227|1088974.74|||0.0000
20161228|1088974.74|||0.0000
20161229|1088974.74|||0.0000
20161230|1088974.74|||0.0000
20170103|1088974.74|||0.0000
20170104|1088974.74|||0.0000
20170105|1088974.74|||0.0000
20170106|1088974.74|||0.0000
20170109|1088974.74|||0.0000
20170111|1088974.74|||0.0000
20170113|1088974.74|||0.0000
20170116|1088974.74|||0.0000
20170117|1088974.74|||0.0000
20170118|1088974.74|||0.0000
20170119|1088974.74|||0.0000
20170120|1088974.74|||0.0000
20170123|1088974.74|||0.0000
20170124|1088974.74|||0.0000
20170125|1088974.74|||0.0000
20170126|1088974.74|||0.0000
20170203|1088974.74|||0.0000
20170206|1088974.74|||0.0000
20170207|1088974.74|||0.0000
20170208|1088974.74|||0.0000
20170209|1088974.74|||0.0000
20170210|1088974.74|||0.0000
20170213|1088974.74|||0.0000
20170214|1088974.74|||0.0000
20170215|1088974.74|||0.0000
20170410|1088974.74|||0.0000
20170412|1088974.74|||0.0000
20170413|1088974.74|||0.0000
20170414|1088974.74|||0.0000
20170417|1088974.74|||0.0000
20170418|1088974.74|||0.0000
20170419|1088974.74|||0.0000
20170420|1088974.74|||0.0000
20170421|1088974.74|||0.0000
20170424|1088974.74|||0.0000
20170425|1088974.74|||0.0000
20170426|1088974.74|||0.0000
20170427|1088974.74|||0.0000
20170428|1088974.74|||0.0000
20170502|1088974.74|||0.0000
20170503|1088974.74|||0.0000
20170504|1088974.74|||0.0000
20170505|1088974.74|||0.0000
20170508|1088974.74|||0.0000
20170509|1088974.74|||0.0000
20170510|1088974.74|||0.0000
20170511|1088974.74|||0.0000
20170512|1088974.74|||0.0000
20170515|1088974.74|||0.0000
20170516|1088974.74|||0.0000
20170519|1088974.74|||0.0000
20170522|1088974.74|||0.0000
20170523|1088974.74|||0.0000
20170524|1088974.74|||0.0000
20170525|1088974.74|||0.0000
20170526|1088974.74|||0.0000
20170531|1088974.74|||0.0000
20170601|1088974.74|||0.0000
20170602|1088974.74|||0.0000
20170605|1088974.74|||0.0000
20170606|1088974.74|||0.0000
20170713|1088974.74|||0.0000
20170714|1088974.74|||0.0000
20170717|1088974.74|||0.0000
20170718|1088974.74|||0.0000
20170719|1088974.74|||0.0000
20170720|1088974.74|||0.0000
20170721|1088974.74|||0.0000
20170724|1088974.74|||0.0000
20170725|1088974.74|||0.0000
20170726|1088974.74|||0.0000
20170727|1088974.74|||0.0000
20170728|1088974.74|||0.0000
20170731|1088974.74|||0.0000
20170801|1088974.74|||0.0000
20170802|1088974.74|||0.0000
20170803|1088974.74|||0.0000
20170804|1088974.74|||0.0000
20170807|1088974.74|||0.0000
20170814|1087304.85|0|0|1.0000
20170815|1090387.75|0|0|1.0000
20170816|1106518.14|0|0|1.0000
20170817|1111494.19|0|0|1.0000
20170904|1141927.33|0|0|1.0000
20170906|1153586.04|0|0|1.0000
20171106|1121142.50|||0.0000
20171107|1121142.50|||0.0000
20171117|1121142.50|||0.0000
20171120|1121142.50|||0.0000
20171121|1121142.50|||0.0000
20171122|1121142.50|||0.0000
20171123|1121142.50|||0.0000
20171124|1121142.50|||0.0000
20171127|1121142.50|||0.0000
20171128|1121142.50|||0.0000
20171129|1121142.50|||0.0000
20171130|1121142.50|||0.0000
20171204|1121142.50|||0.0000
20171205|1121142.50|||0.0000
20171206|1121142.50|||0.0000
20171207|1121142.50|||0.0000
20171208|1121142.50|||0.0000
20171211|1121142.50|||0.0000
20171212|1121142.50|||0.0000
20171213|1121142.50|||0.0000
20171214|1121142.50|||0.0000
20171215|1121142.50|||0.0000
20171218|1121142.50|||0.0000
20171219|1121142.50|||0.0000
20171220|1121142.50|||0.0000
20171227|1121142.50|||0.0000
20171229|1121142.50|||0.0000
20180115|1121142.50|||0.0000
20180116|1121142.50|||0.0000
20180117|1121142.50|||0.0000
20180118|1121142.50|||0.0000
20180119|1121142.50|||0.0000
20180124|1123159.16|0|0|1.0000
20180125|1116833.66|0|0|1.0000
20180126|1120969.81|0|0|1.0000
20180131|1094205.75|||0.0000
20180201|1094205.75|||0.0000
20180202|1094205.75|||0.0000
20180205|1094205.75|||0.0000
20180206|1094205.75|||0.0000
20180207|1094205.75|||0.0000
20180208|1094205.75|||0.0000
20180209|1094205.75|||0.0000
20180212|1094205.75|||0.0000
20180213|1094205.75|||0.0000
20180214|1094205.75|||0.0000
20180222|1094205.75|||0.0000
20180223|1094205.75|||0.0000
20180226|1094205.75|||0.0000
20180228|1094205.75|||0.0000
20180302|1094205.75|||0.0000
20180309|1085111.18|0|0|1.0000
20180312|1100268.08|0|0|1.0000
20180313|1094585.29|0|0|1.0000
20180330|1110822.53|0|0|1.0000
20180402|1110689.91|0|0|1.0000
20180411|1070191.61|||0.0000
20180412|1070191.61|||0.0000
20180417|1070191.61|||0.0000
20180419|1070191.61|||0.0000
20180420|1070191.61|||0.0000
20180423|1070191.61|||0.0000
20180426|1070191.61|||0.0000
20180502|1070191.61|||0.0000
20180503|1070191.61|||0.0000
20180504|1070191.61|||0.0000
20180530|1070191.61|||0.0000
20180531|1070191.61|||0.0000
20180601|1070191.61|||0.0000
20180604|1070191.61|||0.0000
20180605|1070191.61|||0.0000
20180606|1070191.61|||0.0000
20180607|1070191.61|||0.0000
20180608|1070191.61|||0.0000
20180611|1070191.61|||0.0000
20180612|1070191.61|||0.0000
20180613|1070191.61|||0.0000
20180614|1070191.61|||0.0000
20180615|1070191.61|||0.0000
20180619|1070191.61|||0.0000
20180620|1070191.61|||0.0000
20180621|1070191.61|||0.0000
20180622|1070191.61|||0.0000
20180625|1070191.61|||0.0000
20180626|1070191.61|||0.0000
20180627|1070191.61|||0.0000
20180628|1070191.61|||0.0000
20180629|1070191.61|||0.0000
20180702|1070191.61|||0.0000
20180703|1070191.61|||0.0000
20180704|1070191.61|||0.0000
20180705|1070191.61|||0.0000
20180706|1070191.61|||0.0000
20180709|1070191.61|||0.0000
20180710|1070191.61|||0.0000
20180711|1070191.61|||0.0000
20180712|1070191.61|||0.0000
20180713|1070191.61|||0.0000
20180731|1070191.61|||0.0000
20180803|1070191.61|||0.0000
20180806|1070191.61|||0.0000
20180807|1070191.61|||0.0000
20180808|1070191.61|||0.0000
20180809|1070191.61|||0.0000
20180810|1070191.61|||0.0000
20180813|1070191.61|||0.0000
20180814|1070191.61|||0.0000
20180815|1070191.61|||0.0000
20180816|1070191.61|||0.0000
20180817|1070191.61|||0.0000
20180820|1070191.61|||0.0000
20180821|1070191.61|||0.0000
20180822|1070191.61|||0.0000
20180823|1070191.61|||0.0000
20180824|1070191.61|||0.0000
20180827|1070191.61|||0.0000
20180828|1070191.61|||0.0000
20180829|1070191.61|||0.0000
20180830|1070191.61|||0.0000
20180831|1070191.61|||0.0000
20180906|1070191.61|||0.0000
20180907|1070191.61|||0.0000
20180910|1070191.61|||0.0000
20180911|1070191.61|||0.0000
20180912|1070191.61|||0.0000
20180913|1070191.61|||0.0000
20180914|1070191.61|||0.0000
20180917|1070191.61|||0.0000
20180918|1070191.61|||0.0000
20180919|1070191.61|||0.0000
20180920|1070191.61|||0.0000
20180921|1070191.61|||0.0000
20180925|1070191.61|||0.0000
20180926|1070191.61|||0.0000
20180927|1070191.61|||0.0000
20180928|1070191.61|||0.0000
20181008|1070191.61|||0.0000
20181009|1070191.61|||0.0000
20181010|1070191.61|||0.0000
20181011|1070191.61|||0.0000
20181012|1070191.61|||0.0000
20181015|1070191.61|||0.0000
20181016|1070191.61|||0.0000
20181017|1070191.61|||0.0000
20181018|1070191.61|||0.0000
20181019|1070191.61|||0.0000
20181022|1070191.61|||0.0000
20181023|1070191.61|||0.0000
20181024|1070191.61|||0.0000
20181025|1070191.61|||0.0000
20181026|1070191.61|||0.0000
20181029|1070191.61|||0.0000
20181030|1070191.61|||0.0000
20181031|1070191.61|||0.0000
20181101|1070191.61|||0.0000
20181102|1070191.61|||0.0000
20181112|1079779.60|0|0|1.0000
20181113|1098111.79|0|0|1.0000
20181114|1093129.66|0|0|1.0000
20181115|1108507.87|0|0|1.0000
20181116|1106959.45|0|0|1.0000
20181205|1090004.77|0|0|1.0000
20181210|1051199.63|||0.0000
20181211|1051199.63|||0.0000
20181212|1051199.63|||0.0000
20181213|1051199.63|||0.0000
20181214|1051199.63|||0.0000
20181217|1051199.63|||0.0000
20181218|1051199.63|||0.0000
20181219|1051199.63|||0.0000
20181220|1051199.63|||0.0000
20181221|1051199.63|||0.0000
20181225|1051199.63|||0.0000
20181226|1051199.63|||0.0000
20181227|1051199.63|||0.0000
20181228|1051199.63|||0.0000
20190102|1051199.63|||0.0000
20190103|1051199.63|||0.0000
20190104|1051199.63|||0.0000
20190107|1051199.63|||0.0000
20190108|1051199.63|||0.0000
20190109|1051199.63|||0.0000
20190110|1051199.63|||0.0000
20190111|1051199.63|||0.0000
20190114|1051199.63|||0.0000
20190115|1051199.63|||0.0000
20190116|1051199.63|||0.0000
20190117|1051199.63|||0.0000
20190123|1051199.63|||0.0000
20190211|1051237.73|0|0|1.0000
20190212|1058802.24|0|0|1.0000
20190213|1079943.70|0|0|1.0000
20190214|1081564.42|0|0|1.0000
20190215|1061455.34|0|0|1.0000
20190218|1094031.05|0|0|1.0000
20190219|1088185.09|0|0|1.0000
20190220|1089997.23|0|0|1.0000
20190221|1093207.66|0|0|1.0000
20190222|1127037.15|0|0|1.0000
20190225|1188932.96|0|0|1.0000
20190226|1197138.97|0|0|1.0000
20190227|1176602.22|0|0|1.0000
20190228|1188399.05|0|0|1.0000
20190301|1213284.01|0|0|1.0000
20190304|1253353.85|0|0|1.0000
20190305|1297303.54|0|0|1.0000
20190306|1315801.82|0|0|1.0000
20190307|1309555.90|0|0|1.0000
20190308|1280235.24|0|0|1.0000
20190311|1336908.58|0|0|1.0000
20190312|1372181.42|0|0|1.0000
20190401|1362487.62|0|0|1.0000
20190402|1357281.07|0|0|1.0000
20190403|1371492.66|0|0|1.0000
20190404|1385117.92|0|0|1.0000
20190410|1392336.43|||0.0000
20190429|1392336.43|||0.0000
20190430|1392336.43|||0.0000
20190506|1392336.43|||0.0000
20190507|1392336.43|||0.0000
20190508|1392336.43|||0.0000
20190509|1392336.43|||0.0000
20190510|1392336.43|||0.0000
20190513|1392336.43|||0.0000
20190514|1392336.43|||0.0000
20190515|1392336.43|||0.0000
20190516|1392336.43|||0.0000
20190517|1392336.43|||0.0000
20190520|1392336.43|||0.0000
20190521|1392336.43|||0.0000
20190522|1392336.43|||0.0000
20190523|1392336.43|||0.0000
20190524|1392336.43|||0.0000
20190527|1392336.43|||0.0000
20190528|1392336.43|||0.0000
20190529|1392336.43|||0.0000
20190530|1392336.43|||0.0000
20190531|1392336.43|||0.0000
20190604|1392336.43|||0.0000
20190605|1392336.43|||0.0000
20190606|1392336.43|||0.0000
20190610|1392336.43|||0.0000
20190613|1392336.43|||0.0000
20190614|1392336.43|||0.0000
20190617|1392336.43|||0.0000
20190621|1391479.65|0|0|1.0000
20190624|1394132.24|0|0|1.0000
20190701|1428357.78|0|0|1.0000
20190702|1428849.20|0|0|1.0000
20190819|1372481.47|0|0|1.0000
20190820|1362974.21|0|0|1.0000
20190821|1361487.69|0|0|1.0000
20190822|1364550.14|0|0|1.0000
20190903|1404238.94|0|0|1.0000
20190904|1411830.34|0|0|1.0000
20190905|1428429.18|0|0|1.0000
20190906|1431120.59|0|0|1.0000
20190909|1465757.98|0|0|1.0000
20190910|1459063.98|0|0|1.0000
20191008|1364180.96|||0.0000
20191009|1364180.96|||0.0000
20191015|1364180.96|||0.0000
20191016|1364180.96|||0.0000
20191017|1364180.96|||0.0000
20191018|1364180.96|||0.0000
20191021|1364180.96|||0.0000
20191024|1364180.96|||0.0000
20191119|1363428.10|0|0|1.0000
20191125|1315127.88|||0.0000
20191203|1315127.88|||0.0000
20191210|1317880.90|0|0|1.0000
20191213|1334138.52|0|0|1.0000
20191216|1353077.56|0|0|1.0000
20191217|1369252.80|0|0|1.0000
20191218|1362262.01|0|0|1.0000
20200102|1392908.10|0|0|1.0000
20200103|1395393.45|0|0|1.0000
20200106|1413564.37|0|0|1.0000
20200107|1438867.20|0|0|1.0000
20200109|1454012.56|0|0|1.0000
20200110|1447212.30|0|0|1.0000
20200113|1470678.90|0|0|1.0000
20200120|1506478.40|0|0|1.0000
20200122|1515387.80|0|0|1.0000
20200206|1529333.34|0|0|1.0000
20200207|1532031.95|0|0|1.0000
20200210|1552079.23|0|0|1.0000
20200211|1541642.08|0|0|1.0000
20200212|1584835.76|0|0|1.0000
20200213|1569117.14|0|0|1.0000
20200217|1631119.46|0|0|1.0000
20200218|1649945.95|0|0|1.0000
20200219|1625996.76|0|0|1.0000
20200220|1661944.91|0|0|1.0000
20200221|1692270.05|0|0|1.0000
20200316|1685952.47|||0.0000
20200317|1685952.47|||0.0000
20200318|1685952.47|||0.0000
20200319|1685952.47|||0.0000
20200320|1685952.47|||0.0000
20200323|1685952.47|||0.0000
20200324|1685952.47|||0.0000
20200325|1685952.47|||0.0000
20200326|1685952.47|||0.0000
20200327|1685952.47|||0.0000
20200330|1685952.47|||0.0000
20200331|1685952.47|||0.0000
20200401|1685952.47|||0.0000
20200402|1685952.47|||0.0000
20200403|1685952.47|||0.0000
20200407|1685952.47|||0.0000
20200408|1685952.47|||0.0000
20200409|1685952.47|||0.0000
20200410|1685952.47|||0.0000
20200413|1685952.47|||0.0000
20200601|1680688.84|0|0|1.0000
20200602|1670623.54|0|0|1.0000
20200616|1760227.20|0|0|1.0000
20200617|1762952.61|0|0|1.0000
20200619|1806122.90|0|0|1.0000
20200622|1824352.22|0|0|1.0000
20200623|1854824.06|0|0|1.0000
20200624|1855155.57|0|0|1.0000
20200629|1847424.51|0|0|1.0000
20200630|1898508.30|0|0|1.0000
20200701|1884062.94|0|0|1.0000
20200703|1917464.81|0|0|1.0000
20200706|1969532.15|0|0|1.0000
20200707|2017594.19|0|0|1.0000
20200708|2064823.46|0|0|1.0000
20200709|2147045.61|0|0|1.0000
20200710|2163230.58|0|0|1.0000
20200810|2239784.22|||0.0000
20200811|2239784.22|||0.0000
20200812|2239784.22|||0.0000
20200819|2239784.22|||0.0000
20200820|2239784.22|||0.0000
20200826|2239784.22|||0.0000
20200831|2239784.22|||0.0000
20200901|2239784.22|||0.0000
20200902|2239784.22|||0.0000
20200903|2239784.22|||0.0000
20200907|2239784.22|||0.0000
20200909|2239784.22|||0.0000
20200910|2239784.22|||0.0000
20200911|2239784.22|||0.0000
20200914|2239784.22|||0.0000
20200915|2239784.22|||0.0000
20200916|2239784.22|||0.0000
20200921|2239784.22|||0.0000
20200922|2239784.22|||0.0000
20200924|2239784.22|||0.0000
20200925|2239784.22|||0.0000
20200928|2239784.22|||0.0000
20200929|2239784.22|||0.0000
20200930|2239784.22|||0.0000
20201009|2239784.22|||0.0000
20201013|2245288.72|0|0|1.0000
20201014|2228787.64|0|0|1.0000
20201015|2207605.15|0|0|1.0000
20201103|2212723.98|0|0|1.0000
20201104|2217753.34|0|0|1.0000
20201105|2247836.81|0|0|1.0000
20201111|2181650.42|||0.0000
20201117|2181650.42|||0.0000
20201118|2181650.42|||0.0000
20201125|2181650.42|||0.0000
20201126|2181650.42|||0.0000
20201130|2181650.42|||0.0000
20201202|2181650.42|||0.0000
20201203|2181650.42|||0.0000
20201207|2181650.42|||0.0000
20201221|2193226.82|0|0|1.0000
20201231|2256925.23|0|0|1.0000
20210104|2341935.03|0|0|1.0000
20210105|2357032.96|0|0|1.0000
20210106|2370039.83|0|0|1.0000
20210107|2405992.92|0|0|1.0000
20210108|2397163.01|0|0|1.0000
20210112|2419636.14|0|0|1.0000
20210120|2438318.76|0|0|1.0000
20210121|2498198.40|0|0|1.0000
20210122|2554831.09|0|0|1.0000
20210125|2552552.92|0|0|1.0000
20210208|2493896.27|0|0|1.0000
20210209|2536594.51|0|0|1.0000
20210210|2597066.12|0|0|1.0000
20210224|2313655.43|||0.0000
20210225|2313655.43|||0.0000
20210226|2313655.43|||0.0000
20210301|2313655.43|||0.0000
20210302|2313655.43|||0.0000
20210303|2313655.43|||0.0000
20210304|2313655.43|||0.0000
20210305|2313655.43|||0.0000
20210308|2313655.43|||0.0000
20210309|2313655.43|||0.0000
20210310|2313655.43|||0.0000
20210311|2313655.43|||0.0000
20210312|2313655.43|||0.0000
20210315|2313655.43|||0.0000
20210316|2313655.43|||0.0000
20210317|2313655.43|||0.0000
20210318|2313655.43|||0.0000
20210319|2313655.43|||0.0000
20210322|2313655.43|||0.0000
20210323|2313655.43|||0.0000
20210324|2313655.43|||0.0000
20210325|2313655.43|||0.0000
20210326|2313655.43|||0.0000
20210329|2313655.43|||0.0000
20210330|2313655.43|||0.0000
20210331|2313655.43|||0.0000
20210406|2303919.27|0|0|1.0000
20210419|2358496.04|0|0|1.0000
20210420|2356365.17|0|0|1.0000
20210421|2373329.96|0|0|1.0000
20210422|2391557.74|0|0|1.0000
20210423|2436348.59|0|0|1.0000
20210426|2415955.87|0|0|1.0000
20210427|2429475.00|0|0|1.0000
20210428|2481955.13|0|0|1.0000
20210429|2482631.46|0|0|1.0000
20210430|2515133.99|0|0|1.0000
20210517|2532488.20|0|0|1.0000
20210518|2514099.93|0|0|1.0000
20210519|2534100.30|0|0|1.0000
20210520|2557589.33|0|0|1.0000
20210525|2625669.63|0|0|1.0000
20210527|2624655.65|0|0|1.0000
20210531|2692102.78|0|0|1.0000
20210601|2684858.79|0|0|1.0000
20210623|2700132.95|0|0|1.0000
20210625|2723509.30|0|0|1.0000
20210628|2776487.55|0|0|1.0000
20210629|2771101.10|0|0|1.0000
20210630|2828775.32|0|0|1.0000
20210701|2811036.31|0|0|1.0000
20210712|2875592.01|0|0|1.0000
20210713|2859506.15|0|0|1.0000
20210715|2877728.90|0|0|1.0000
20210727|2606937.38|||0.0000
20210728|2606937.38|||0.0000
20210802|2608803.57|0|0|1.0000
20210803|2596770.29|0|0|1.0000
20210804|2660850.20|0|0|1.0000
20210805|2638002.90|0|0|1.0000
20210809|2579326.20|||0.0000
20210812|2579326.20|||0.0000
20210813|2579326.20|||0.0000
20210816|2579326.20|||0.0000
20210817|2579326.20|||0.0000
20210818|2579326.20|||0.0000
20210819|2579326.20|||0.0000
20210820|2579326.20|||0.0000
20210823|2579326.20|||0.0000
20210826|2579326.20|||0.0000
20210827|2579326.20|||0.0000
20210830|2579326.20|||0.0000
20210831|2579326.20|||0.0000
20210901|2579326.20|||0.0000
20210902|2579326.20|||0.0000
20210903|2579326.20|||0.0000
20210906|2579326.20|||0.0000
20210907|2579326.20|||0.0000
20210908|2579326.20|||0.0000
20210909|2579326.20|||0.0000
20210910|2579326.20|||0.0000
20210913|2579326.20|||0.0000
20210916|2579326.20|||0.0000
20210922|2579326.20|||0.0000
20210923|2579326.20|||0.0000
20210924|2579326.20|||0.0000
20210929|2579326.20|||0.0000
20211122|2582644.60|0|0|1.0000
20211220|2452496.10|||0.0000
20211221|2452496.10|||0.0000
20211222|2452496.10|||0.0000
20211223|2452496.10|||0.0000
20211224|2452496.10|||0.0000
20211227|2452496.10|||0.0000
20211228|2452496.10|||0.0000
20211229|2452496.10|||0.0000
20211230|2452496.10|||0.0000
20211231|2452496.10|||0.0000
20220104|2452496.10|||0.0000
20220105|2452496.10|||0.0000
20220106|2452496.10|||0.0000
20220107|2452496.10|||0.0000
20220110|2452496.10|||0.0000
20220111|2452496.10|||0.0000
20220112|2452496.10|||0.0000
20220113|2452496.10|||0.0000
20220114|2452496.10|||0.0000
20220117|2452496.10|||0.0000
20220118|2452496.10|||0.0000
20220119|2452496.10|||0.0000
20220120|2452496.10|||0.0000
20220121|2452496.10|||0.0000
20220124|2452496.10|||0.0000
20220125|2452496.10|||0.0000
20220126|2452496.10|||0.0000
20220127|2452496.10|||0.0000
20220128|2452496.10|||0.0000
20220207|2452496.10|||0.0000
20220208|2452496.10|||0.0000
20220209|2452496.10|||0.0000
20220210|2452496.10|||0.0000
20220211|2452496.10|||0.0000
20220214|2452496.10|||0.0000
20220215|2452496.10|||0.0000
20220216|2452496.10|||0.0000
20220217|2452496.10|||0.0000
20220218|2452496.10|||0.0000
20220221|2452496.10|||0.0000
20220222|2452496.10|||0.0000
20220223|2452496.10|||0.0000
20220224|2452496.10|||0.0000
20220225|2452496.10|||0.0000
20220228|2452496.10|||0.0000
20220301|2452496.10|||0.0000
20220302|2452496.10|||0.0000
20220303|2452496.10|||0.0000
20220304|2452496.10|||0.0000
20220307|2452496.10|||0.0000
20220308|2452496.10|||0.0000
20220309|2452496.10|||0.0000
20220310|2452496.10|||0.0000
20220311|2452496.10|||0.0000
20220314|2452496.10|||0.0000
20220315|2452496.10|||0.0000
20220316|2452496.10|||0.0000
20220317|2452496.10|||0.0000
20220318|2452496.10|||0.0000
20220321|2452496.10|||0.0000
20220322|2452496.10|||0.0000
20220323|2452496.10|||0.0000
20220324|2452496.10|||0.0000
20220325|2452496.10|||0.0000
20220328|2452496.10|||0.0000
20220329|2452496.10|||0.0000
20220330|2452496.10|||0.0000
20220331|2452496.10|||0.0000
20220401|2452496.10|||0.0000
20220411|2452496.10|||0.0000
20220412|2452496.10|||0.0000
20220413|2452496.10|||0.0000
20220415|2452496.10|||0.0000
20220418|2452496.10|||0.0000
20220419|2452496.10|||0.0000
20220420|2452496.10|||0.0000
20220421|2452496.10|||0.0000
20220422|2452496.10|||0.0000
20220425|2452496.10|||0.0000
20220426|2452496.10|||0.0000
20220427|2452496.10|||0.0000
20220428|2452496.10|||0.0000
20220429|2452496.10|||0.0000
20220505|2452496.10|||0.0000
20220506|2452496.10|||0.0000
20220509|2452496.10|||0.0000
20220510|2452496.10|||0.0000
20220511|2452496.10|||0.0000
20220512|2452496.10|||0.0000
20220513|2452496.10|||0.0000
20220516|2452496.10|||0.0000
20220517|2452496.10|||0.0000
20220518|2452496.10|||0.0000
20220519|2452496.10|||0.0000
20220601|2462923.82|0|0|1.0000
20220602|2492604.42|0|0|1.0000
20220606|2590260.15|0|0|1.0000
20220607|2590227.53|0|0|1.0000
20220608|2612218.25|0|0|1.0000
20220610|2592097.94|0|0|1.0000
20220617|2694146.85|0|0|1.0000
20220620|2747763.93|0|0|1.0000
20220621|2730384.59|0|0|1.0000
20220622|2714480.70|0|0|1.0000
20220623|2798374.12|0|0|1.0000
20220624|2863548.21|0|0|1.0000
20220627|2869785.75|0|0|1.0000
20220628|2879735.84|0|0|1.0000
20220722|2770525.93|||0.0000
20220725|2770525.93|||0.0000
20220726|2770525.93|||0.0000
20220728|2770525.93|||0.0000
20220729|2770525.93|||0.0000
20220801|2770525.93|||0.0000
20220802|2770525.93|||0.0000
20220803|2770525.93|||0.0000
20220804|2770525.93|||0.0000
20220805|2770525.93|||0.0000
20220808|2770525.93|||0.0000
20220810|2770525.93|||0.0000
20220811|2770525.93|||0.0000
20220812|2770525.93|||0.0000
20220815|2770525.93|||0.0000
20220829|2770525.93|||0.0000
20220830|2770525.93|||0.0000
20220831|2770525.93|||0.0000
20220901|2770525.93|||0.0000
20220902|2770525.93|||0.0000
20220905|2770525.93|||0.0000
20220906|2770525.93|||0.0000
20220907|2770525.93|||0.0000
20220908|2770525.93|||0.0000
20220909|2770525.93|||0.0000
20220913|2770525.93|||0.0000
20220914|2770525.93|||0.0000
20220915|2770525.93|||0.0000
20220916|2770525.93|||0.0000
20220919|2770525.93|||0.0000
20220920|2770525.93|||0.0000
20220921|2770525.93|||0.0000
20220922|2770525.93|||0.0000
20220923|2770525.93|||0.0000
20220926|2770525.93|||0.0000
20220927|2770525.93|||0.0000
20220928|2770525.93|||0.0000
20220929|2770525.93|||0.0000
20220930|2770525.93|||0.0000
20221010|2770525.93|||0.0000
20221011|2770525.93|||0.0000
20221012|2770525.93|||0.0000
20221013|2770525.93|||0.0000
20221014|2770525.93|||0.0000
20221017|2770525.93|||0.0000
20221018|2770525.93|||0.0000
20221019|2770525.93|||0.0000
20221025|2770525.93|||0.0000
20221028|2770525.93|||0.0000
20221031|2770525.93|||0.0000
20221102|2797952.27|0|0|1.0000
20221104|2886652.64|0|0|1.0000
20221107|2890737.18|0|0|1.0000
20221108|2864501.50|0|0|1.0000
20221114|2795753.16|||0.0000
20221202|2795753.16|||0.0000
20221205|2795753.16|||0.0000
20221213|2795753.16|||0.0000
20230104|2795753.16|||0.0000
20230110|2799560.79|0|0|1.0000
20230113|2821186.53|0|0|1.0000
20230116|2873659.72|0|0|1.0000
20230117|2880483.39|0|0|1.0000
20230118|2878607.85|0|0|1.0000
20230119|2909756.61|0|0|1.0000
20230120|2926184.83|0|0|1.0000
20230130|2957765.18|0|0|1.0000
20230220|2799101.72|||0.0000
20230221|2799101.72|||0.0000
20230222|2799101.72|||0.0000
20230223|2799101.72|||0.0000
20230224|2799101.72|||0.0000
20230227|2799101.72|||0.0000
20230228|2799101.72|||0.0000
20230301|2799101.72|||0.0000
20230302|2799101.72|||0.0000
20230303|2799101.72|||0.0000
20230306|2799101.72|||0.0000
20230307|2799101.72|||0.0000
20230308|2799101.72|||0.0000
20230309|2799101.72|||0.0000
20230310|2799101.72|||0.0000
20230313|2799101.72|||0.0000
20230314|2799101.72|||0.0000
20230315|2799101.72|||0.0000
20230316|2799101.72|||0.0000
20230317|2799101.72|||0.0000
20230320|2799101.72|||0.0000
20230321|2799101.72|||0.0000
20230322|2799101.72|||0.0000
20230323|2799101.72|||0.0000
20230324|2799101.72|||0.0000
20230328|2799101.72|||0.0000
20230329|2799101.72|||0.0000
20230424|2799101.72|||0.0000
20230425|2799101.72|||0.0000
20230426|2799101.72|||0.0000
20230427|2799101.72|||0.0000
20230428|2799101.72|||0.0000
20230504|2799101.72|||0.0000
20230505|2799101.72|||0.0000
20230508|2799101.72|||0.0000
20230509|2799101.72|||0.0000
20230510|2799101.72|||0.0000
20230511|2799101.72|||0.0000
20230512|2799101.72|||0.0000
20230515|2799101.72|||0.0000
20230516|2799101.72|||0.0000
20230517|2799101.72|||0.0000
20230518|2799101.72|||0.0000
20230519|2799101.72|||0.0000
20230522|2799101.72|||0.0000
20230523|2799101.72|||0.0000
20230524|2799101.72|||0.0000
20230525|2799101.72|||0.0000
20230529|2799101.72|||0.0000
20230530|2799101.72|||0.0000
20230531|2799101.72|||0.0000
20230601|2799101.72|||0.0000
20230605|2799101.72|||0.0000
20230606|2799101.72|||0.0000
20230607|2799101.72|||0.0000
20230608|2799101.72|||0.0000
20230609|2799101.72|||0.0000
20230612|2799101.72|||0.0000
20230613|2799101.72|||0.0000
20230614|2799101.72|||0.0000
20230626|2799101.72|||0.0000
20230718|2799101.72|||0.0000
20230719|2799101.72|||0.0000
20230720|2799101.72|||0.0000
20230721|2799101.72|||0.0000
20230815|2799101.72|||0.0000
20230816|2799101.72|||0.0000
20230818|2799101.72|||0.0000
20230821|2799101.72|||0.0000
20230822|2799101.72|||0.0000
20230823|2799101.72|||0.0000
20230824|2799101.72|||0.0000
20230825|2799101.72|||0.0000
20230828|2799101.72|||0.0000
20230829|2799101.72|||0.0000
20230830|2799101.72|||0.0000
20230831|2799101.72|||0.0000
20230901|2799101.72|||0.0000
20230904|2799101.72|||0.0000
20230905|2799101.72|||0.0000
20230906|2799101.72|||0.0000
20230907|2799101.72|||0.0000
20230908|2799101.72|||0.0000
20230911|2799101.72|||0.0000
20230912|2799101.72|||0.0000
20230913|2799101.72|||0.0000
20230914|2799101.72|||0.0000
20230915|2799101.72|||0.0000
20230918|2799101.72|||0.0000
20230919|2799101.72|||0.0000
20230920|2799101.72|||0.0000
20230921|2799101.72|||0.0000
20230925|2799101.72|||0.0000
20230926|2799101.72|||0.0000
20230927|2799101.72|||0.0000
20230928|2799101.72|||0.0000
20231009|2799101.72|||0.0000
20231010|2799101.72|||0.0000
20231011|2799101.72|||0.0000
20231012|2799101.72|||0.0000
20231013|2799101.72|||0.0000
20231016|2799101.72|||0.0000
20231017|2799101.72|||0.0000
20231018|2799101.72|||0.0000
20231019|2799101.72|||0.0000
20231020|2799101.72|||0.0000
20231023|2799101.72|||0.0000
20231024|2799101.72|||0.0000
20231025|2799101.72|||0.0000
20231026|2799101.72|||0.0000
20231102|2799101.72|||0.0000
20231127|2799101.72|||0.0000
20231129|2799101.72|||0.0000
20231201|2799101.72|||0.0000
20231204|2799101.72|||0.0000
20231205|2799101.72|||0.0000
20231206|2799101.72|||0.0000
20231207|2799101.72|||0.0000
20231208|2799101.72|||0.0000
20231211|2799101.72|||0.0000
20231212|2799101.72|||0.0000
20231213|2799101.72|||0.0000
20231214|2799101.72|||0.0000
20231215|2799101.72|||0.0000
20231218|2799101.72|||0.0000
20231219|2799101.72|||0.0000
20231220|2799101.72|||0.0000
20231221|2799101.72|||0.0000
20231222|2799101.72|||0.0000
20231225|2799101.72|||0.0000
20231226|2799101.72|||0.0000
20231227|2799101.72|||0.0000
20231228|2799101.72|||0.0000
20240102|2799101.72|||0.0000
20240104|2799101.72|||0.0000
20240105|2799101.72|||0.0000
20240108|2799101.72|||0.0000
20240109|2799101.72|||0.0000
20240110|2799101.72|||0.0000
20240111|2799101.72|||0.0000
20240112|2799101.72|||0.0000
20240115|2799101.72|||0.0000
20240116|2799101.72|||0.0000
20240117|2799101.72|||0.0000
20240118|2799101.72|||0.0000
20240119|2799101.72|||0.0000
20240122|2799101.72|||0.0000
20240123|2799101.72|||0.0000
20240124|2799101.72|||0.0000
20240125|2799101.72|||0.0000
20240126|2799101.72|||0.0000
20240129|2799101.72|||0.0000
20240130|2799101.72|||0.0000
20240131|2799101.72|||0.0000
20240201|2799101.72|||0.0000
20240202|2799101.72|||0.0000
20240205|2799101.72|||0.0000
20240206|2799101.72|||0.0000
20240207|2799101.72|||0.0000
20240208|2799101.72|||0.0000
20240222|2795367.45|0|0|1.0000
20240227|2801865.73|0|0|1.0000
20240229|2818923.18|0|0|1.0000
20240301|2831969.83|0|0|1.0000
20240304|2848729.26|0|0|1.0000
20240305|2846909.85|0|0|1.0000
20240311|2934984.45|0|0|1.0000
20240312|2959237.09|0|0|1.0000
20240313|2942337.21|0|0|1.0000
20240318|2990835.35|0|0|1.0000
20240410|2759284.24|||0.0000
20240411|2759284.24|||0.0000
20240412|2759284.24|||0.0000
20240415|2759284.24|||0.0000
20240416|2759284.24|||0.0000
20240417|2759284.24|||0.0000
20240418|2759284.24|||0.0000
20240419|2759284.24|||0.0000
20240422|2759284.24|||0.0000
20240423|2759284.24|||0.0000
20240424|2759284.24|||0.0000
20240425|2759284.24|||0.0000
20240429|2778247.49|0|0|1.0000
20240509|2796543.79|0|0|1.0000
20240530|2667982.06|||0.0000
20240531|2667982.06|||0.0000
20240603|2667982.06|||0.0000
20240604|2667982.06|||0.0000
20240606|2667982.06|||0.0000
20240607|2667982.06|||0.0000
20240611|2667982.06|||0.0000
20240612|2667982.06|||0.0000
20240613|2667982.06|||0.0000
20240614|2667982.06|||0.0000
20240617|2667982.06|||0.0000
20240618|2667982.06|||0.0000
20240619|2667982.06|||0.0000
20240620|2667982.06|||0.0000
20240621|2667982.06|||0.0000
20240624|2667982.06|||0.0000
20240625|2667982.06|||0.0000
20240626|2667982.06|||0.0000
20240627|2667982.06|||0.0000
20240628|2667982.06|||0.0000
20240701|2667982.06|||0.0000
20240702|2667982.06|||0.0000
20240703|2667982.06|||0.0000
20240704|2667982.06|||0.0000
20240705|2667982.06|||0.0000
20240708|2667982.06|||0.0000
20240709|2667982.06|||0.0000
20240710|2667982.06|||0.0000
20240711|2667982.06|||0.0000
20240712|2667982.06|||0.0000
20240715|2667982.06|||0.0000
20240716|2667982.06|||0.0000
20240717|2667982.06|||0.0000
20240718|2667982.06|||0.0000
20240724|2667982.06|||0.0000
20240725|2667982.06|||0.0000
20240729|2667982.06|||0.0000
20240730|2667982.06|||0.0000
20240808|2667982.06|||0.0000
20240809|2667982.06|||0.0000
20240812|2667982.06|||0.0000
20240813|2667982.06|||0.0000
20240814|2667982.06|||0.0000
20240815|2667982.06|||0.0000
20240816|2667982.06|||0.0000
20240819|2667982.06|||0.0000
20240820|2667982.06|||0.0000
20240821|2667982.06|||0.0000
20240822|2667982.06|||0.0000
20240823|2667982.06|||0.0000
20240826|2667982.06|||0.0000
20240827|2667982.06|||0.0000
20240828|2667982.06|||0.0000
20240829|2667982.06|||0.0000
20240830|2667982.06|||0.0000
20240902|2667982.06|||0.0000
20240903|2667982.06|||0.0000
20240904|2667982.06|||0.0000
20240905|2667982.06|||0.0000
20240906|2667982.06|||0.0000
20240909|2667982.06|||0.0000
20240910|2667982.06|||0.0000
20240912|2667982.06|||0.0000
20240913|2667982.06|||0.0000
20240918|2667982.06|||0.0000
20240924|2607446.25|0|0|1.0000
20240925|2649765.49|0|0|1.0000
20240926|2766944.96|0|0|1.0000
20240927|3043496.27|0|0|1.0000
20241105|4158331.59|||0.0000
20241122|4158331.59|||0.0000
20241125|4158331.59|||0.0000
20241202|4163394.82|0|0|1.0000
20241204|4074837.04|||0.0000
20241205|4074837.04|||0.0000
20241206|4074837.04|||0.0000
20241209|4074837.04|||0.0000
20241210|4074837.04|||0.0000
20241211|4074837.04|||0.0000
20241217|4074837.04|||0.0000
20241218|4074837.04|||0.0000
20241219|4074837.04|||0.0000
20241230|4074837.04|||0.0000
20241231|4074837.04|||0.0000
20250102|4074837.04|||0.0000
20250103|4074837.04|||0.0000
20250106|4074837.04|||0.0000
20250107|4074837.04|||0.0000
20250108|4074837.04|||0.0000
20250109|4074837.04|||0.0000
20250110|4074837.04|||0.0000
20250113|4074837.04|||0.0000
20250114|4074837.04|||0.0000
20250115|4074837.04|||0.0000
20250116|4074837.04|||0.0000
20250117|4074837.04|||0.0000
20250120|4074837.04|||0.0000
20250121|4074837.04|||0.0000
20250122|4074837.04|||0.0000
20250123|4074837.04|||0.0000
20250124|4074837.04|||0.0000
20250127|4074837.04|||0.0000
20250205|4074837.04|||0.0000
20250207|4057251.58|0|0|1.0000
20250210|4075017.19|0|0|1.0000
20250212|4089718.43|0|0|1.0000
20250214|4133618.66|0|0|1.0000
20250217|4154724.50|0|0|1.0000
20250221|4257106.66|0|0|1.0000
20250321|4020546.14|||0.0000
20250324|4020546.14|||0.0000
20250325|4020546.14|||0.0000
20250326|4020546.14|||0.0000
20250327|4020546.14|||0.0000
20250331|4020546.14|||0.0000
20250401|4020546.14|||0.0000
20250402|4020546.14|||0.0000
20250403|4020546.14|||0.0000
20250407|4020546.14|||0.0000
20250408|4020546.14|||0.0000
20250409|4020546.14|||0.0000
20250410|4020546.14|||0.0000
20250411|4020546.14|||0.0000
20250414|4020546.14|||0.0000
20250415|4020546.14|||0.0000
20250416|4020546.14|||0.0000
20250417|4020546.14|||0.0000
20250418|4020546.14|||0.0000
20250421|4020546.14|||0.0000
20250422|4020546.14|||0.0000
20250423|4020546.14|||0.0000
20250424|4020546.14|||0.0000
20250425|4020546.14|||0.0000
20250428|4020546.14|||0.0000
20250429|4020546.14|||0.0000
20250430|4020546.14|||0.0000
20250506|4020546.14|||0.0000
20250507|4020546.14|||0.0000
20250508|4022576.50|0|0|1.0000
20250512|4092465.59|0|0|1.0000
20250513|4087604.14|0|0|1.0000
20250514|4128990.67|0|0|1.0000
20250605|4060557.96|0|0|1.0000
20250625|4218676.37|0|0|1.0000
20250626|4190994.18|0|0|1.0000
20250627|4210654.03|0|0|1.0000
20250630|4267476.19|0|0|1.0000
20250701|4257377.70|0|0|1.0000
20250715|4430070.55|0|0|1.0000
20250717|4498008.35|0|0|1.0000
20250718|4513518.30|0|0|1.0000
20250721|4552625.73|0|0|1.0000
20250722|4580319.62|0|0|1.0000
20250724|4648721.02|0|0|1.0000
20250728|4682875.24|0|0|1.0000
20250729|4770073.33|0|0|1.0000
20250812|4775630.46|0|0|1.0000
20250813|4948274.16|0|0|1.0000
20250814|4895060.04|0|0|1.0000
20250815|5023024.50|0|0|1.0000
20250818|5165695.00|0|0|1.0000
20250819|5156857.86|0|0|1.0000
20250820|5168572.07|0|0|1.0000
20250821|5144415.46|0|0|1.0000
